szs0,szs1,bulbs0
2.094755356,0,0
2.094755356,0,0
2.094755356,0,0
2.094755356,0,0
2.962431434,0,0
2.962431434,0,0
2.962431434,0,0
2.962431434,0,0
2.962431434,0,0
2.962431434,0,0
2.962431434,0,0
2.962431434,0,0
2.962431434,0,0
2.962431434,0,0
2.962431434,0,0
2.962431434,0,0
2.962431434,0,0
2.962431434,0,0
2.962431434,0,0
2.962431434,0,0
2.962431434,0,0
2.962431434,0,0
2.962431434,0,0
2.962431434,0,0
2.962431434,0,0
2.962431434,0,0
2.962431434,0,0
2.962431434,0,0
2.962431434,0,0
2.962431434,0,0
2.962431434,0,0
2.962431434,0,0
3.628222705,0,0
3.628222705,0,0
3.628222705,0,0
3.628222705,0,0
3.628222705,0,0
3.628222705,0,0
3.628222705,0,0
3.628222705,0,0
3.628222705,0,0
3.628222705,0,0
3.628222705,0,0
3.628222705,0,0
3.628222705,0,0
3.628222705,0,0
3.628222705,0,0
3.628222705,0,0
3.628222705,0,0
3.628222705,0,0
3.628222705,0,0
3.628222705,0,0
3.628222705,0,0
3.628222705,0,0
3.628222705,0,0
3.628222705,0,0
3.628222705,0,0
3.628222705,0,0
3.628222705,0,0
3.628222705,0,0
4.189510711,0,0
4.189510711,0,0
4.189510711,0,0
4.189510711,0,0
4.189510711,0,0
4.189510711,0,0
4.189510711,0,0
4.189510711,0,0
4.189510711,0,0
4.189510711,0,0
4.189510711,0,0
4.189510711,0,0
4.189510711,0,0
4.189510711,0,0
4.189510711,0,0
4.189510711,0,0
4.189510711,0,0
4.189510711,0,0
4.189510711,0,0
4.189510711,0,0
4.189510711,0,0
4.189510711,0,0
4.189510711,0,0
4.189510711,0,0
4.189510711,0,0
4.189510711,0,0
4.189510711,0,0
4.189510711,0,0
4.189510711,0,0
4.684015371,0,0
4.684015371,0,0
4.684015371,0,0
4.684015371,0,0
4.684015371,0,0
4.684015371,0,0
4.684015371,0,0
4.684015371,0,0
4.684015371,0,0
4.684015371,0,0
4.684015371,0,0
4.684015371,0,0
4.684015371,0,0
5.131081757,0,0
5.131081757,0,0
5.131081757,0,0
5.131081757,0,0
5.131081757,0,0
5.131081757,0,0
5.131081757,0,0
5.131081757,0,0
5.131081757,0,0
5.131081757,0,0
5.131081757,0,0
5.131081757,0,0
5.131081757,0,0
5.131081757,0,0
5.131081757,0,0
5.131081757,0,0
5.131081757,0,0
5.131081757,0,0
5.131081757,0,0
5.131081757,0,0
5.131081757,0,0
5.131081757,0,0
5.131081757,0,0
5.131081757,0,0
5.131081757,0,0
5.131081757,0,0
5.131081757,0,0
5.131081757,0,0
5.542201729,0,0
5.542201729,0,0
5.542201729,0,0
5.542201729,0,0
5.542201729,0,0
5.542201729,0,0
5.924862868,0,0
5.924862868,0,0
5.924862868,0,0
5.924862868,0,0
5.924862868,0,0
5.924862868,0,0
5.924862868,0,0
5.924862868,0,0
5.924862868,0,0
5.924862868,0,0
5.924862868,0,0
5.924862868,0,0
5.924862868,0,0
5.924862868,0,0
5.924862868,0,0
5.924862868,0,0
5.924862868,0,0
5.924862868,0,0
5.924862868,0,0
5.924862868,0,0
5.924862868,0,0
5.924862868,0,0
5.924862868,0,0
5.924862868,0,0
5.924862868,0,0
5.924862868,0,0
5.924862868,0,0
5.924862868,0,0
5.924862868,0,0
6.284266067,0,0
6.284266067,0,0
6.284266067,0,0
6.284266067,0,0
6.284266067,0,0
6.284266067,0,0
6.284266067,0,0
6.284266067,0,0
6.284266067,0,0
6.624198065,0,0
6.624198065,0,0
6.624198065,0,0
6.624198065,0,0
6.624198065,0,0
6.624198065,0,0
6.624198065,0,0
6.624198065,0,0
6.624198065,0,0
6.624198065,0,0
6.624198065,0,0
6.624198065,0,0
6.624198065,0,0
6.624198065,0,0
6.624198065,0,0
6.624198065,0,0
6.624198065,0,0
6.624198065,0,0
6.624198065,0,0
6.947517542,0,0
6.947517542,0,0
6.947517542,0,0
6.947517542,0,0
7.256445411,0,0
7.256445411,0,0
7.256445411,0,0
7.256445411,0,0
7.256445411,0,0
7.256445411,0,0
7.256445411,0,0
7.256445411,0,0
7.256445411,0,0
7.256445411,0,0
7.256445411,0,0
7.256445411,0,0
7.256445411,0,0
7.256445411,0,0
7.256445411,0,0
7.256445411,0,0
7.256445411,0,0
7.256445411,0,0
7.256445411,0,0
7.256445411,0,0
7.256445411,0,0
7.256445411,0,0
7.256445411,0,0
7.256445411,0,0
7.256445411,0,0
7.552747844,0,0
7.552747844,0,0
7.83785685,0,0
7.83785685,0,0
7.83785685,0,0
7.83785685,0,0
7.83785685,0,0
7.83785685,0,0
7.83785685,0,0
7.83785685,0,0
7.83785685,0,0
8.112952607,0,0
8.112952607,0,0
8.112952607,0,0
8.379021423,0,0
8.379021423,0,0
8.379021423,0,0
8.379021423,0,0
8.379021423,0,0
8.379021423,0,0
8.379021423,0,0
8.379021423,0,0
8.636897591,0,0
8.887294301,0,0
8.887294301,0,0
8.887294301,0,0
8.887294301,0,0
8.887294301,0,0
8.887294301,0,0
8.887294301,0,0
8.887294301,0,0
8.887294301,0,0
8.887294301,0,0
8.887294301,0,0
8.887294301,0,0
8.887294301,0,0
9.368030743,0,0
9.368030743,0,0
9.368030743,0,0
9.368030743,0,0
9.368030743,0,0
9.368030743,0,0
9.368030743,0,0
9.368030743,0,0
9.368030743,0,0
9.59937498,0,0
9.59937498,0,0
9.825273533,0,0
9.825273533,0,0
9.825273533,0,0
9.825273533,0,0
9.825273533,0,0
9.825273533,0,0
10.26216351,0,0
10.26216351,0,0
10.26216351,0,0
10.26216351,0,0
10.26216351,0,0
10.26216351,0,0
10.26216351,0,0
10.26216351,0,0
10.26216351,0,0
10.26216351,0,0
10.26216351,0,0
10.26216351,0,0
10.26216351,0,0
10.26216351,0,0
10.26216351,0,0
10.26216351,0,0
10.26216351,0,0
10.26216351,0,0
10.26216351,0,0
10.26216351,0,0
10.26216351,0,0
10.26216351,0,0
10.68119843,0,0
10.68119843,0,0
10.68119843,0,0
10.88466812,0,0
10.88466812,0,0
10.88466812,0,0
11.08440346,0,0
11.08440346,0,0
11.08440346,0,0
11.08440346,0,0
11.08440346,0,0
11.28060282,0,0
11.47344761,0,0
11.47344761,0,0
11.47344761,0,0
11.47344761,0,0
11.47344761,0,0
11.47344761,0,0
11.47344761,0,0
11.47344761,0,0
11.47344761,0,0
11.47344761,0,0
11.84972574,0,0
11.84972574,0,0
11.84972574,0,0
11.84972574,0,0
11.84972574,0,0
11.84972574,0,0
12.03345337,0,0
12.03345337,0,0
12.21441771,0,0
12.21441771,0,0
12.21441771,0,0
12.21441771,0,0
12.21441771,0,0
12.39273981,0,0
12.56853213,0,0
12.56853213,0,0
12.56853213,0,0
12.56853213,0,0
12.56853213,0,0
12.56853213,0,0
12.56853213,0,0
12.56853213,0,0
12.56853213,0,0
12.56853213,0,0
12.56853213,0,0
12.91293925,0,0
12.91293925,0,0
13.081743,0,0
13.081743,0,0
13.24839613,0,0
13.24839613,0,0
13.24839613,0,0
13.24839613,0,0
13.24839613,0,0
13.24839613,0,0
13.24839613,0,0
13.24839613,0,0
13.57556629,0,0
13.57556629,0,0
13.57556629,0,0
13.57556629,0,0
13.57556629,0,0
13.57556629,0,0
13.57556629,0,0
13.57556629,0,0
13.57556629,0,0
13.89503508,0,0
13.89503508,0,0
13.89503508,0,0
13.89503508,0,0
13.89503508,0,0
13.89503508,0,0
13.89503508,0,0
13.89503508,0,0
13.89503508,0,0
14.05204611,0,0
14.20732206,0,0
14.20732206,0,0
14.51289082,0,0
14.51289082,0,0
14.51289082,0,0
14.51289082,0,0
14.51289082,0,0
14.51289082,0,0
14.81215717,0,0
14.81215717,0,0
14.95954545,0,0
14.95954545,0,0
15.10549569,0,0
15.10549569,0,0
15.10549569,0,0
15.39324527,0,0
15.39324527,0,0
15.39324527,0,0
15.39324527,0,0
15.39324527,0,0
15.39324527,0,0
15.39324527,0,0
15.39324527,0,0
15.6757137,0,0
15.81505612,0,0
15.81505612,0,0
15.9531815,0,0
15.9531815,0,0
16.22590521,0,0
16.22590521,0,0
16.22590521,0,0
16.22590521,0,0
16.22590521,0,0
16.22590521,0,0
16.22590521,0,0
16.22590521,0,0
16.22590521,0,0
16.49412016,0,0
16.49412016,0,0
16.62660519,0,0
16.62660519,0,0
16.75804285,0,0
16.75804285,0,0
16.75804285,0,0
17.01787296,0,0
17.01787296,0,0
17.01787296,0,0
17.01787296,0,0
17.01787296,0,0
17.01787296,0,0
17.27379518,0,0
17.52598071,0,0
17.52598071,0,0
17.52598071,0,0
17.52598071,0,0
17.7745886,0,0
17.7745886,0,0
18.01976692,0,0
18.01976692,0,0
18.14111353,0,0
18.14111353,0,0
18.14111353,0,0
18.14111353,0,0
18.50037837,0,0
18.50037837,0,0
18.50037837,0,0
18.50037837,0,0
18.73606149,0,0
18.73606149,0,0
18.73606149,0,0
18.73606149,0,0
18.8527982,0,0
18.8527982,0,0
19.19874996,0,0
19.19874996,0,0
19.65054707,0,0
19.87259419,0,0
20.09218754,0,0
20.20108908,0,0
20.20108908,0,0
20.52432703,0,0
20.84255263,0,0
21.15599206,0,0
21.464855,0,0
21.464855,0,0
21.464855,0,0
21.76933623,0,0
22.16880691,0,0
22.56120564,0,0
22.65824353,0,0
22.94689521,0,0
22.94689521,0,0
23.13732915,0,0
23.51357055,0,0
23.51357055,0,0
24.33885782,0,0
24.78547962,0,0
25.48379877,0,0
27.47245894,0,0
28.10409223,0,0
28.87420995,0,0
29.62431434,0,0
32.45181043,0,0
2.962431434,2.094755356,0
4.189510711,2.094755356,0
4.189510711,2.094755356,0
4.189510711,2.094755356,0
5.131081757,2.094755356,0
6.624198065,2.094755356,0
15.10549569,2.094755356,0
2.094755356,2.962431434,0
2.962431434,2.962431434,0
2.962431434,2.962431434,0
2.962431434,2.962431434,0
2.962431434,2.962431434,0
2.962431434,2.962431434,0
2.962431434,2.962431434,0
2.962431434,2.962431434,0
2.962431434,2.962431434,0
2.962431434,2.962431434,0
2.962431434,2.962431434,0
2.962431434,2.962431434,0
2.962431434,2.962431434,0
2.962431434,2.962431434,0
2.962431434,2.962431434,0
2.962431434,2.962431434,0
2.962431434,2.962431434,0
3.628222705,2.962431434,0
3.628222705,2.962431434,0
3.628222705,2.962431434,0
3.628222705,2.962431434,0
3.628222705,2.962431434,0
3.628222705,2.962431434,0
3.628222705,2.962431434,0
3.628222705,2.962431434,0
3.628222705,2.962431434,0
4.189510711,2.962431434,0
4.189510711,2.962431434,0
4.189510711,2.962431434,0
4.189510711,2.962431434,0
4.189510711,2.962431434,0
4.189510711,2.962431434,0
4.684015371,2.962431434,0
4.684015371,2.962431434,0
5.131081757,2.962431434,0
5.131081757,2.962431434,0
5.131081757,2.962431434,0
5.924862868,2.962431434,0
6.624198065,2.962431434,0
6.624198065,2.962431434,0
10.26216351,2.962431434,0
15.10549569,2.962431434,0
2.962431434,3.628222705,0
2.962431434,3.628222705,0
2.962431434,3.628222705,0
2.962431434,3.628222705,0
2.962431434,3.628222705,0
2.962431434,3.628222705,0
2.962431434,3.628222705,0
2.962431434,3.628222705,0
2.962431434,3.628222705,0
2.962431434,3.628222705,0
3.628222705,3.628222705,0
3.628222705,3.628222705,0
3.628222705,3.628222705,0
3.628222705,3.628222705,0
3.628222705,3.628222705,0
3.628222705,3.628222705,0
3.628222705,3.628222705,0
3.628222705,3.628222705,0
3.628222705,3.628222705,0
3.628222705,3.628222705,0
3.628222705,3.628222705,0
3.628222705,3.628222705,0
3.628222705,3.628222705,0
3.628222705,3.628222705,0
3.628222705,3.628222705,0
3.628222705,3.628222705,0
3.628222705,3.628222705,0
3.628222705,3.628222705,0
3.628222705,3.628222705,0
3.628222705,3.628222705,0
3.628222705,3.628222705,0
3.628222705,3.628222705,0
3.628222705,3.628222705,0
3.628222705,3.628222705,0
3.628222705,3.628222705,0
4.189510711,3.628222705,0
4.189510711,3.628222705,0
4.189510711,3.628222705,0
4.189510711,3.628222705,0
4.189510711,3.628222705,0
4.189510711,3.628222705,0
4.189510711,3.628222705,0
4.189510711,3.628222705,0
4.189510711,3.628222705,0
4.189510711,3.628222705,0
4.189510711,3.628222705,0
4.189510711,3.628222705,0
4.189510711,3.628222705,0
4.189510711,3.628222705,0
4.189510711,3.628222705,0
4.189510711,3.628222705,0
4.189510711,3.628222705,0
4.684015371,3.628222705,0
4.684015371,3.628222705,0
4.684015371,3.628222705,0
5.131081757,3.628222705,0
5.131081757,3.628222705,0
5.131081757,3.628222705,0
5.131081757,3.628222705,0
5.131081757,3.628222705,0
5.131081757,3.628222705,0
5.131081757,3.628222705,0
5.131081757,3.628222705,0
5.131081757,3.628222705,0
5.131081757,3.628222705,0
5.131081757,3.628222705,0
5.131081757,3.628222705,0
5.131081757,3.628222705,0
5.131081757,3.628222705,0
5.131081757,3.628222705,0
5.131081757,3.628222705,0
5.131081757,3.628222705,0
5.131081757,3.628222705,0
5.131081757,3.628222705,0
5.924862868,3.628222705,0
5.924862868,3.628222705,0
5.924862868,3.628222705,0
5.924862868,3.628222705,0
5.924862868,3.628222705,0
6.284266067,3.628222705,0
6.284266067,3.628222705,0
7.256445411,3.628222705,0
7.256445411,3.628222705,0
7.256445411,3.628222705,0
7.256445411,3.628222705,0
11.47344761,3.628222705,0
19.87259419,3.628222705,0
2.094755356,4.189510711,0
2.962431434,4.189510711,0
2.962431434,4.189510711,0
2.962431434,4.189510711,0
2.962431434,4.189510711,0
3.628222705,4.189510711,0
3.628222705,4.189510711,0
3.628222705,4.189510711,0
3.628222705,4.189510711,0
3.628222705,4.189510711,0
3.628222705,4.189510711,0
3.628222705,4.189510711,0
3.628222705,4.189510711,0
3.628222705,4.189510711,0
3.628222705,4.189510711,0
3.628222705,4.189510711,0
3.628222705,4.189510711,0
3.628222705,4.189510711,0
3.628222705,4.189510711,0
3.628222705,4.189510711,0
3.628222705,4.189510711,0
3.628222705,4.189510711,0
4.189510711,4.189510711,0
4.189510711,4.189510711,0
4.189510711,4.189510711,0
4.189510711,4.189510711,0
4.189510711,4.189510711,0
4.189510711,4.189510711,0
4.189510711,4.189510711,0
4.189510711,4.189510711,0
4.189510711,4.189510711,0
4.189510711,4.189510711,0
4.189510711,4.189510711,0
4.189510711,4.189510711,0
4.189510711,4.189510711,0
4.189510711,4.189510711,0
4.189510711,4.189510711,0
4.189510711,4.189510711,0
4.189510711,4.189510711,0
4.189510711,4.189510711,0
4.189510711,4.189510711,0
4.189510711,4.189510711,0
4.684015371,4.189510711,0
4.684015371,4.189510711,0
4.684015371,4.189510711,0
4.684015371,4.189510711,0
4.684015371,4.189510711,0
4.684015371,4.189510711,0
4.684015371,4.189510711,0
4.684015371,4.189510711,0
5.131081757,4.189510711,0
5.131081757,4.189510711,0
5.131081757,4.189510711,0
5.131081757,4.189510711,0
5.131081757,4.189510711,0
5.131081757,4.189510711,0
5.542201729,4.189510711,0
5.542201729,4.189510711,0
5.924862868,4.189510711,0
5.924862868,4.189510711,0
5.924862868,4.189510711,0
5.924862868,4.189510711,0
5.924862868,4.189510711,0
5.924862868,4.189510711,0
5.924862868,4.189510711,0
5.924862868,4.189510711,0
5.924862868,4.189510711,0
6.284266067,4.189510711,0
6.624198065,4.189510711,0
6.624198065,4.189510711,0
6.624198065,4.189510711,0
6.624198065,4.189510711,0
6.624198065,4.189510711,0
6.624198065,4.189510711,0
6.624198065,4.189510711,0
6.624198065,4.189510711,0
6.624198065,4.189510711,0
7.256445411,4.189510711,0
7.256445411,4.189510711,0
7.256445411,4.189510711,0
7.552747844,4.189510711,0
8.379021423,4.189510711,0
8.379021423,4.189510711,0
10.26216351,4.189510711,0
10.26216351,4.189510711,0
14.81215717,4.189510711,0
16.49412016,4.189510711,0
17.52598071,4.189510711,0
21.464855,4.189510711,0
2.962431434,4.684015371,0
3.628222705,4.684015371,0
3.628222705,4.684015371,0
3.628222705,4.684015371,0
3.628222705,4.684015371,0
4.189510711,4.684015371,0
4.189510711,4.684015371,0
4.189510711,4.684015371,0
4.189510711,4.684015371,0
4.189510711,4.684015371,0
4.189510711,4.684015371,0
4.684015371,4.684015371,0
4.684015371,4.684015371,0
4.684015371,4.684015371,0
4.684015371,4.684015371,0
4.684015371,4.684015371,0
5.131081757,4.684015371,0
5.131081757,4.684015371,0
5.131081757,4.684015371,0
5.131081757,4.684015371,0
5.131081757,4.684015371,0
5.131081757,4.684015371,0
5.131081757,4.684015371,0
5.131081757,4.684015371,0
5.131081757,4.684015371,0
5.131081757,4.684015371,0
5.542201729,4.684015371,0
5.542201729,4.684015371,0
5.542201729,4.684015371,0
5.542201729,4.684015371,0
5.924862868,4.684015371,0
5.924862868,4.684015371,0
5.924862868,4.684015371,0
5.924862868,4.684015371,0
5.924862868,4.684015371,0
5.924862868,4.684015371,0
6.284266067,4.684015371,0
6.624198065,4.684015371,0
6.624198065,4.684015371,0
6.624198065,4.684015371,0
6.624198065,4.684015371,0
6.624198065,4.684015371,0
6.947517542,4.684015371,0
7.256445411,4.684015371,0
7.256445411,4.684015371,0
7.256445411,4.684015371,0
7.256445411,4.684015371,0
7.83785685,4.684015371,0
7.83785685,4.684015371,0
7.83785685,4.684015371,0
8.379021423,4.684015371,0
8.887294301,4.684015371,0
9.368030743,4.684015371,0
12.03345337,4.684015371,0
13.89503508,4.684015371,0
16.22590521,4.684015371,0
2.094755356,5.131081757,0
2.962431434,5.131081757,0
2.962431434,5.131081757,0
2.962431434,5.131081757,0
2.962431434,5.131081757,0
3.628222705,5.131081757,0
3.628222705,5.131081757,0
3.628222705,5.131081757,0
3.628222705,5.131081757,0
3.628222705,5.131081757,0
3.628222705,5.131081757,0
3.628222705,5.131081757,0
3.628222705,5.131081757,0
3.628222705,5.131081757,0
3.628222705,5.131081757,0
3.628222705,5.131081757,0
4.189510711,5.131081757,0
4.189510711,5.131081757,0
4.189510711,5.131081757,0
4.189510711,5.131081757,0
4.189510711,5.131081757,0
4.189510711,5.131081757,0
4.189510711,5.131081757,0
4.189510711,5.131081757,0
4.189510711,5.131081757,0
4.189510711,5.131081757,0
4.189510711,5.131081757,0
4.189510711,5.131081757,0
4.189510711,5.131081757,0
4.189510711,5.131081757,0
4.189510711,5.131081757,0
4.684015371,5.131081757,0
4.684015371,5.131081757,0
4.684015371,5.131081757,0
4.684015371,5.131081757,0
4.684015371,5.131081757,0
4.684015371,5.131081757,0
4.684015371,5.131081757,0
5.131081757,5.131081757,0
5.131081757,5.131081757,0
5.131081757,5.131081757,0
5.131081757,5.131081757,0
5.131081757,5.131081757,0
5.131081757,5.131081757,0
5.131081757,5.131081757,0
5.131081757,5.131081757,0
5.131081757,5.131081757,0
5.131081757,5.131081757,0
5.131081757,5.131081757,0
5.131081757,5.131081757,0
5.131081757,5.131081757,0
5.131081757,5.131081757,0
5.131081757,5.131081757,0
5.131081757,5.131081757,0
5.131081757,5.131081757,0
5.131081757,5.131081757,0
5.131081757,5.131081757,0
5.131081757,5.131081757,0
5.131081757,5.131081757,0
5.131081757,5.131081757,0
5.131081757,5.131081757,0
5.131081757,5.131081757,0
5.131081757,5.131081757,0
5.542201729,5.131081757,0
5.542201729,5.131081757,0
5.542201729,5.131081757,0
5.542201729,5.131081757,0
5.542201729,5.131081757,0
5.542201729,5.131081757,0
5.542201729,5.131081757,0
5.924862868,5.131081757,0
5.924862868,5.131081757,0
5.924862868,5.131081757,0
5.924862868,5.131081757,0
5.924862868,5.131081757,0
5.924862868,5.131081757,0
6.284266067,5.131081757,0
6.624198065,5.131081757,0
6.624198065,5.131081757,0
6.624198065,5.131081757,0
6.624198065,5.131081757,0
6.624198065,5.131081757,0
6.624198065,5.131081757,0
7.256445411,5.131081757,0
7.256445411,5.131081757,0
7.256445411,5.131081757,0
7.256445411,5.131081757,0
7.256445411,5.131081757,0
7.256445411,5.131081757,0
7.83785685,5.131081757,0
7.83785685,5.131081757,0
8.112952607,5.131081757,0
8.112952607,5.131081757,0
8.379021423,5.131081757,0
8.379021423,5.131081757,0
8.379021423,5.131081757,0
8.379021423,5.131081757,0
8.379021423,5.131081757,0
8.887294301,5.131081757,0
9.368030743,5.131081757,0
10.26216351,5.131081757,0
10.26216351,5.131081757,0
13.89503508,5.131081757,0
14.20732206,5.131081757,0
14.51289082,5.131081757,0
14.51289082,5.131081757,0
3.628222705,5.542201729,0
4.189510711,5.542201729,0
4.189510711,5.542201729,0
4.684015371,5.542201729,0
4.684015371,5.542201729,0
4.684015371,5.542201729,0
4.684015371,5.542201729,0
5.131081757,5.542201729,0
5.131081757,5.542201729,0
5.131081757,5.542201729,0
5.542201729,5.542201729,0
5.542201729,5.542201729,0
5.542201729,5.542201729,0
5.542201729,5.542201729,0
5.542201729,5.542201729,0
5.924862868,5.542201729,0
5.924862868,5.542201729,0
5.924862868,5.542201729,0
5.924862868,5.542201729,0
5.924862868,5.542201729,0
5.924862868,5.542201729,0
5.924862868,5.542201729,0
5.924862868,5.542201729,0
6.284266067,5.542201729,0
6.284266067,5.542201729,0
6.284266067,5.542201729,0
6.284266067,5.542201729,0
6.624198065,5.542201729,0
6.624198065,5.542201729,0
6.624198065,5.542201729,0
6.947517542,5.542201729,0
7.256445411,5.542201729,0
7.83785685,5.542201729,0
7.83785685,5.542201729,0
7.83785685,5.542201729,0
7.83785685,5.542201729,0
8.112952607,5.542201729,0
8.112952607,5.542201729,0
8.379021423,5.542201729,0
8.379021423,5.542201729,0
8.379021423,5.542201729,0
9.368030743,5.542201729,0
9.368030743,5.542201729,0
9.825273533,5.542201729,0
10.26216351,5.542201729,0
10.47377678,5.542201729,0
11.84972574,5.542201729,0
12.56853213,5.542201729,0
13.081743,5.542201729,0
15.10549569,5.542201729,0
2.962431434,5.924862868,0
2.962431434,5.924862868,0
2.962431434,5.924862868,0
2.962431434,5.924862868,0
2.962431434,5.924862868,0
3.628222705,5.924862868,0
3.628222705,5.924862868,0
3.628222705,5.924862868,0
3.628222705,5.924862868,0
3.628222705,5.924862868,0
3.628222705,5.924862868,0
3.628222705,5.924862868,0
3.628222705,5.924862868,0
3.628222705,5.924862868,0
3.628222705,5.924862868,0
4.189510711,5.924862868,0
4.189510711,5.924862868,0
4.189510711,5.924862868,0
4.189510711,5.924862868,0
4.189510711,5.924862868,0
4.189510711,5.924862868,0
4.189510711,5.924862868,0
4.189510711,5.924862868,0
4.189510711,5.924862868,0
4.189510711,5.924862868,0
4.189510711,5.924862868,0
4.189510711,5.924862868,0
4.189510711,5.924862868,0
4.684015371,5.924862868,0
4.684015371,5.924862868,0
4.684015371,5.924862868,0
4.684015371,5.924862868,0
4.684015371,5.924862868,0
5.131081757,5.924862868,0
5.131081757,5.924862868,0
5.131081757,5.924862868,0
5.131081757,5.924862868,0
5.131081757,5.924862868,0
5.131081757,5.924862868,0
5.131081757,5.924862868,0
5.131081757,5.924862868,0
5.131081757,5.924862868,0
5.131081757,5.924862868,0
5.131081757,5.924862868,0
5.131081757,5.924862868,0
5.131081757,5.924862868,0
5.131081757,5.924862868,0
5.131081757,5.924862868,0
5.131081757,5.924862868,0
5.131081757,5.924862868,0
5.131081757,5.924862868,0
5.542201729,5.924862868,0
5.542201729,5.924862868,0
5.542201729,5.924862868,0
5.542201729,5.924862868,0
5.542201729,5.924862868,0
5.542201729,5.924862868,0
5.924862868,5.924862868,0
5.924862868,5.924862868,0
5.924862868,5.924862868,0
5.924862868,5.924862868,0
5.924862868,5.924862868,0
5.924862868,5.924862868,0
5.924862868,5.924862868,0
5.924862868,5.924862868,0
5.924862868,5.924862868,0
5.924862868,5.924862868,0
5.924862868,5.924862868,0
5.924862868,5.924862868,0
5.924862868,5.924862868,0
5.924862868,5.924862868,0
5.924862868,5.924862868,0
5.924862868,5.924862868,0
6.284266067,5.924862868,0
6.284266067,5.924862868,0
6.284266067,5.924862868,0
6.284266067,5.924862868,0
6.624198065,5.924862868,0
6.624198065,5.924862868,0
6.624198065,5.924862868,0
6.624198065,5.924862868,0
6.624198065,5.924862868,0
6.624198065,5.924862868,0
6.624198065,5.924862868,0
6.947517542,5.924862868,0
7.256445411,5.924862868,0
7.256445411,5.924862868,0
7.256445411,5.924862868,0
7.256445411,5.924862868,0
7.256445411,5.924862868,0
7.256445411,5.924862868,0
7.256445411,5.924862868,0
7.256445411,5.924862868,0
7.256445411,5.924862868,0
7.256445411,5.924862868,0
7.83785685,5.924862868,0
7.83785685,5.924862868,0
7.83785685,5.924862868,0
7.83785685,5.924862868,0
7.83785685,5.924862868,0
7.83785685,5.924862868,0
7.83785685,5.924862868,0
7.83785685,5.924862868,0
7.83785685,5.924862868,0
7.83785685,5.924862868,0
8.112952607,5.924862868,0
8.379021423,5.924862868,0
8.379021423,5.924862868,0
9.368030743,5.924862868,0
9.59937498,5.924862868,0
10.26216351,5.924862868,0
10.68119843,5.924862868,0
11.08440346,5.924862868,0
11.84972574,5.924862868,0
12.56853213,5.924862868,0
13.081743,5.924862868,0
13.89503508,5.924862868,0
16.22590521,5.924862868,0
18.14111353,5.924862868,0
18.14111353,5.924862868,0
3.628222705,6.284266067,0
3.628222705,6.284266067,0
3.628222705,6.284266067,0
4.189510711,6.284266067,0
4.189510711,6.284266067,0
4.684015371,6.284266067,0
5.131081757,6.284266067,0
5.131081757,6.284266067,0
5.131081757,6.284266067,0
5.131081757,6.284266067,0
5.131081757,6.284266067,0
5.542201729,6.284266067,0
5.924862868,6.284266067,0
6.284266067,6.284266067,0
6.624198065,6.284266067,0
6.624198065,6.284266067,0
6.947517542,6.284266067,0
6.947517542,6.284266067,0
7.256445411,6.284266067,0
7.256445411,6.284266067,0
7.256445411,6.284266067,0
7.256445411,6.284266067,0
7.256445411,6.284266067,0
7.83785685,6.284266067,0
7.83785685,6.284266067,0
7.83785685,6.284266067,0
9.368030743,6.284266067,0
9.368030743,6.284266067,0
9.368030743,6.284266067,0
12.56853213,6.284266067,0
13.24839613,6.284266067,0
13.89503508,6.284266067,0
14.05204611,6.284266067,0
16.22590521,6.284266067,0
16.62660519,6.284266067,0
19.87259419,6.284266067,0
2.962431434,6.624198065,0
3.628222705,6.624198065,0
3.628222705,6.624198065,0
3.628222705,6.624198065,0
4.189510711,6.624198065,0
4.189510711,6.624198065,0
4.189510711,6.624198065,0
4.189510711,6.624198065,0
4.189510711,6.624198065,0
4.189510711,6.624198065,0
4.189510711,6.624198065,0
4.189510711,6.624198065,0
4.684015371,6.624198065,0
4.684015371,6.624198065,0
4.684015371,6.624198065,0
4.684015371,6.624198065,0
4.684015371,6.624198065,0
4.684015371,6.624198065,0
5.131081757,6.624198065,0
5.131081757,6.624198065,0
5.131081757,6.624198065,0
5.131081757,6.624198065,0
5.924862868,6.624198065,0
5.924862868,6.624198065,0
5.924862868,6.624198065,0
5.924862868,6.624198065,0
5.924862868,6.624198065,0
5.924862868,6.624198065,0
5.924862868,6.624198065,0
5.924862868,6.624198065,0
5.924862868,6.624198065,0
5.924862868,6.624198065,0
5.924862868,6.624198065,0
5.924862868,6.624198065,0
5.924862868,6.624198065,0
5.924862868,6.624198065,0
5.924862868,6.624198065,0
6.284266067,6.624198065,0
6.624198065,6.624198065,0
6.624198065,6.624198065,0
6.624198065,6.624198065,0
6.624198065,6.624198065,0
6.624198065,6.624198065,0
6.624198065,6.624198065,0
6.624198065,6.624198065,0
6.624198065,6.624198065,0
7.256445411,6.624198065,0
7.256445411,6.624198065,0
7.256445411,6.624198065,0
7.256445411,6.624198065,0
7.256445411,6.624198065,0
7.256445411,6.624198065,0
7.256445411,6.624198065,0
7.256445411,6.624198065,0
7.256445411,6.624198065,0
7.256445411,6.624198065,0
7.256445411,6.624198065,0
7.256445411,6.624198065,0
7.256445411,6.624198065,0
7.256445411,6.624198065,0
7.256445411,6.624198065,0
7.256445411,6.624198065,0
7.552747844,6.624198065,0
7.83785685,6.624198065,0
7.83785685,6.624198065,0
8.112952607,6.624198065,0
8.112952607,6.624198065,0
8.379021423,6.624198065,0
8.379021423,6.624198065,0
8.379021423,6.624198065,0
8.379021423,6.624198065,0
8.887294301,6.624198065,0
8.887294301,6.624198065,0
8.887294301,6.624198065,0
8.887294301,6.624198065,0
9.368030743,6.624198065,0
9.368030743,6.624198065,0
9.368030743,6.624198065,0
9.825273533,6.624198065,0
9.825273533,6.624198065,0
10.26216351,6.624198065,0
10.68119843,6.624198065,0
10.88466812,6.624198065,0
10.88466812,6.624198065,0
11.47344761,6.624198065,0
11.47344761,6.624198065,0
11.47344761,6.624198065,0
12.56853213,6.624198065,0
13.24839613,6.624198065,0
13.24839613,6.624198065,0
14.51289082,6.624198065,0
15.9531815,6.624198065,0
4.189510711,6.947517542,0
5.131081757,6.947517542,0
5.924862868,6.947517542,0
6.284266067,6.947517542,0
6.947517542,6.947517542,0
7.256445411,6.947517542,0
8.379021423,6.947517542,0
8.379021423,6.947517542,0
8.379021423,6.947517542,0
8.636897591,6.947517542,0
8.887294301,6.947517542,0
9.368030743,6.947517542,0
9.59937498,6.947517542,0
9.825273533,6.947517542,0
9.825273533,6.947517542,0
11.84972574,6.947517542,0
13.57556629,6.947517542,0
14.95954545,6.947517542,0
16.22590521,6.947517542,0
19.19874996,6.947517542,0
3.628222705,7.256445411,0
3.628222705,7.256445411,0
3.628222705,7.256445411,0
3.628222705,7.256445411,0
3.628222705,7.256445411,0
4.189510711,7.256445411,0
4.189510711,7.256445411,0
4.189510711,7.256445411,0
4.189510711,7.256445411,0
4.684015371,7.256445411,0
4.684015371,7.256445411,0
4.684015371,7.256445411,0
4.684015371,7.256445411,0
4.684015371,7.256445411,0
4.684015371,7.256445411,0
4.684015371,7.256445411,0
5.131081757,7.256445411,0
5.131081757,7.256445411,0
5.131081757,7.256445411,0
5.131081757,7.256445411,0
5.131081757,7.256445411,0
5.131081757,7.256445411,0
5.131081757,7.256445411,0
5.131081757,7.256445411,0
5.131081757,7.256445411,0
5.131081757,7.256445411,0
5.131081757,7.256445411,0
5.131081757,7.256445411,0
5.542201729,7.256445411,0
5.542201729,7.256445411,0
5.542201729,7.256445411,0
5.542201729,7.256445411,0
5.924862868,7.256445411,0
5.924862868,7.256445411,0
5.924862868,7.256445411,0
5.924862868,7.256445411,0
5.924862868,7.256445411,0
5.924862868,7.256445411,0
5.924862868,7.256445411,0
5.924862868,7.256445411,0
5.924862868,7.256445411,0
5.924862868,7.256445411,0
5.924862868,7.256445411,0
5.924862868,7.256445411,0
5.924862868,7.256445411,0
5.924862868,7.256445411,0
5.924862868,7.256445411,0
6.284266067,7.256445411,0
6.284266067,7.256445411,0
6.284266067,7.256445411,0
6.284266067,7.256445411,0
6.284266067,7.256445411,0
6.624198065,7.256445411,0
6.624198065,7.256445411,0
6.624198065,7.256445411,0
6.624198065,7.256445411,0
6.624198065,7.256445411,0
6.624198065,7.256445411,0
6.624198065,7.256445411,0
6.624198065,7.256445411,0
6.624198065,7.256445411,0
6.624198065,7.256445411,0
6.624198065,7.256445411,0
6.624198065,7.256445411,0
6.624198065,7.256445411,0
6.624198065,7.256445411,0
6.624198065,7.256445411,0
7.256445411,7.256445411,0
7.256445411,7.256445411,0
7.256445411,7.256445411,0
7.256445411,7.256445411,0
7.256445411,7.256445411,0
7.256445411,7.256445411,0
7.256445411,7.256445411,0
7.256445411,7.256445411,0
7.256445411,7.256445411,0
7.256445411,7.256445411,0
7.256445411,7.256445411,0
7.256445411,7.256445411,0
7.256445411,7.256445411,0
7.256445411,7.256445411,0
7.83785685,7.256445411,0
7.83785685,7.256445411,0
7.83785685,7.256445411,0
7.83785685,7.256445411,0
7.83785685,7.256445411,0
7.83785685,7.256445411,0
7.83785685,7.256445411,0
7.83785685,7.256445411,0
7.83785685,7.256445411,0
7.83785685,7.256445411,0
8.112952607,7.256445411,0
8.379021423,7.256445411,0
8.379021423,7.256445411,0
8.887294301,7.256445411,0
8.887294301,7.256445411,0
9.368030743,7.256445411,0
9.368030743,7.256445411,0
9.368030743,7.256445411,0
9.825273533,7.256445411,0
9.825273533,7.256445411,0
9.825273533,7.256445411,0
9.825273533,7.256445411,0
10.26216351,7.256445411,0
10.26216351,7.256445411,0
10.68119843,7.256445411,0
10.68119843,7.256445411,0
10.88466812,7.256445411,0
11.08440346,7.256445411,0
11.08440346,7.256445411,0
11.47344761,7.256445411,0
11.47344761,7.256445411,0
11.47344761,7.256445411,0
11.47344761,7.256445411,0
12.21441771,7.256445411,0
12.21441771,7.256445411,0
12.56853213,7.256445411,0
12.56853213,7.256445411,0
13.081743,7.256445411,0
13.57556629,7.256445411,0
13.89503508,7.256445411,0
14.51289082,7.256445411,0
16.75804285,7.256445411,0
17.7745886,7.256445411,0
18.01976692,7.256445411,0
18.73606149,7.256445411,0
18.73606149,7.256445411,0
18.8527982,7.256445411,0
5.542201729,7.552747844,0
6.284266067,7.552747844,0
6.624198065,7.552747844,0
7.552747844,7.552747844,0
7.83785685,7.552747844,0
8.379021423,7.552747844,0
9.368030743,7.552747844,0
9.368030743,7.552747844,0
9.368030743,7.552747844,0
9.825273533,7.552747844,0
10.26216351,7.552747844,0
11.08440346,7.552747844,0
11.08440346,7.552747844,0
11.47344761,7.552747844,0
15.39324527,7.552747844,0
16.22590521,7.552747844,0
4.189510711,7.83785685,0
4.189510711,7.83785685,0
4.189510711,7.83785685,0
4.684015371,7.83785685,0
4.684015371,7.83785685,0
4.684015371,7.83785685,0
4.684015371,7.83785685,0
4.684015371,7.83785685,0
5.131081757,7.83785685,0
5.131081757,7.83785685,0
5.131081757,7.83785685,0
5.542201729,7.83785685,0
5.542201729,7.83785685,0
5.542201729,7.83785685,0
5.542201729,7.83785685,0
5.542201729,7.83785685,0
5.924862868,7.83785685,0
5.924862868,7.83785685,0
5.924862868,7.83785685,0
5.924862868,7.83785685,0
5.924862868,7.83785685,0
5.924862868,7.83785685,0
5.924862868,7.83785685,0
5.924862868,7.83785685,0
5.924862868,7.83785685,0
6.284266067,7.83785685,0
6.284266067,7.83785685,0
6.284266067,7.83785685,0
6.284266067,7.83785685,0
6.624198065,7.83785685,0
6.624198065,7.83785685,0
6.624198065,7.83785685,0
6.624198065,7.83785685,0
6.624198065,7.83785685,0
6.624198065,7.83785685,0
6.624198065,7.83785685,0
6.624198065,7.83785685,0
7.256445411,7.83785685,0
7.256445411,7.83785685,0
7.256445411,7.83785685,0
7.256445411,7.83785685,0
7.256445411,7.83785685,0
7.256445411,7.83785685,0
7.256445411,7.83785685,0
7.256445411,7.83785685,0
7.256445411,7.83785685,0
7.256445411,7.83785685,0
7.256445411,7.83785685,0
7.552747844,7.83785685,0
7.552747844,7.83785685,0
7.83785685,7.83785685,0
7.83785685,7.83785685,0
7.83785685,7.83785685,0
7.83785685,7.83785685,0
7.83785685,7.83785685,0
7.83785685,7.83785685,0
7.83785685,7.83785685,0
7.83785685,7.83785685,0
7.83785685,7.83785685,0
7.83785685,7.83785685,0
7.83785685,7.83785685,0
7.83785685,7.83785685,0
7.83785685,7.83785685,0
7.83785685,7.83785685,0
8.112952607,7.83785685,0
8.379021423,7.83785685,0
8.379021423,7.83785685,0
8.379021423,7.83785685,0
8.379021423,7.83785685,0
8.379021423,7.83785685,0
8.379021423,7.83785685,0
8.379021423,7.83785685,0
8.887294301,7.83785685,0
8.887294301,7.83785685,0
8.887294301,7.83785685,0
8.887294301,7.83785685,0
8.887294301,7.83785685,0
8.887294301,7.83785685,0
8.887294301,7.83785685,0
8.887294301,7.83785685,0
9.368030743,7.83785685,0
9.368030743,7.83785685,0
9.368030743,7.83785685,0
9.368030743,7.83785685,0
9.59937498,7.83785685,0
10.26216351,7.83785685,0
10.26216351,7.83785685,0
10.26216351,7.83785685,0
10.26216351,7.83785685,0
10.26216351,7.83785685,0
10.26216351,7.83785685,0
10.68119843,7.83785685,0
11.08440346,7.83785685,0
11.47344761,7.83785685,0
11.84972574,7.83785685,0
12.03345337,7.83785685,0
12.21441771,7.83785685,0
12.21441771,7.83785685,0
13.24839613,7.83785685,0
13.89503508,7.83785685,0
15.81505612,7.83785685,0
19.87259419,7.83785685,0
20.52432703,7.83785685,0
27.15113257,7.83785685,0
4.189510711,8.112952607,0
4.189510711,8.112952607,0
4.189510711,8.112952607,0
5.131081757,8.112952607,0
5.131081757,8.112952607,0
5.131081757,8.112952607,0
5.924862868,8.112952607,0
5.924862868,8.112952607,0
5.924862868,8.112952607,0
5.924862868,8.112952607,0
7.256445411,8.112952607,0
7.256445411,8.112952607,0
7.256445411,8.112952607,0
7.552747844,8.112952607,0
7.83785685,8.112952607,0
8.379021423,8.112952607,0
8.636897591,8.112952607,0
8.887294301,8.112952607,0
8.887294301,8.112952607,0
9.368030743,8.112952607,0
9.368030743,8.112952607,0
9.368030743,8.112952607,0
9.59937498,8.112952607,0
10.04609377,8.112952607,0
10.26216351,8.112952607,0
10.68119843,8.112952607,0
10.68119843,8.112952607,0
10.68119843,8.112952607,0
11.08440346,8.112952607,0
11.47344761,8.112952607,0
11.47344761,8.112952607,0
11.84972574,8.112952607,0
11.84972574,8.112952607,0
12.21441771,8.112952607,0
12.21441771,8.112952607,0
12.21441771,8.112952607,0
12.56853213,8.112952607,0
12.56853213,8.112952607,0
12.91293925,8.112952607,0
13.24839613,8.112952607,0
13.24839613,8.112952607,0
13.57556629,8.112952607,0
14.20732206,8.112952607,0
16.22590521,8.112952607,0
17.01787296,8.112952607,0
20.20108908,8.112952607,0
22.94689521,8.112952607,0
2.962431434,8.379021423,0
3.628222705,8.379021423,0
3.628222705,8.379021423,0
4.189510711,8.379021423,0
4.684015371,8.379021423,0
5.131081757,8.379021423,0
5.131081757,8.379021423,0
5.131081757,8.379021423,0
5.542201729,8.379021423,0
5.542201729,8.379021423,0
5.542201729,8.379021423,0
5.542201729,8.379021423,0
5.924862868,8.379021423,0
5.924862868,8.379021423,0
5.924862868,8.379021423,0
5.924862868,8.379021423,0
5.924862868,8.379021423,0
6.624198065,8.379021423,0
6.624198065,8.379021423,0
6.624198065,8.379021423,0
6.624198065,8.379021423,0
6.624198065,8.379021423,0
6.624198065,8.379021423,0
6.624198065,8.379021423,0
7.256445411,8.379021423,0
7.256445411,8.379021423,0
7.256445411,8.379021423,0
7.256445411,8.379021423,0
7.256445411,8.379021423,0
7.256445411,8.379021423,0
7.256445411,8.379021423,0
7.83785685,8.379021423,0
7.83785685,8.379021423,0
7.83785685,8.379021423,0
7.83785685,8.379021423,0
7.83785685,8.379021423,0
7.83785685,8.379021423,0
7.83785685,8.379021423,0
7.83785685,8.379021423,0
8.112952607,8.379021423,0
8.112952607,8.379021423,0
8.379021423,8.379021423,0
8.379021423,8.379021423,0
8.379021423,8.379021423,0
8.379021423,8.379021423,0
8.379021423,8.379021423,0
8.379021423,8.379021423,0
8.379021423,8.379021423,0
8.379021423,8.379021423,0
8.379021423,8.379021423,0
8.379021423,8.379021423,0
8.379021423,8.379021423,0
8.379021423,8.379021423,0
8.636897591,8.379021423,0
8.887294301,8.379021423,0
8.887294301,8.379021423,0
8.887294301,8.379021423,0
8.887294301,8.379021423,0
9.368030743,8.379021423,0
9.368030743,8.379021423,0
9.368030743,8.379021423,0
9.368030743,8.379021423,0
9.368030743,8.379021423,0
9.825273533,8.379021423,0
10.04609377,8.379021423,0
10.26216351,8.379021423,0
10.26216351,8.379021423,0
10.26216351,8.379021423,0
10.26216351,8.379021423,0
10.26216351,8.379021423,0
10.26216351,8.379021423,0
10.26216351,8.379021423,0
10.26216351,8.379021423,0
10.88466812,8.379021423,0
10.88466812,8.379021423,0
11.08440346,8.379021423,0
11.08440346,8.379021423,0
11.47344761,8.379021423,0
11.47344761,8.379021423,0
12.21441771,8.379021423,0
12.21441771,8.379021423,0
12.56853213,8.379021423,0
12.56853213,8.379021423,0
12.91293925,8.379021423,0
13.57556629,8.379021423,0
13.89503508,8.379021423,0
14.05204611,8.379021423,0
15.6757137,8.379021423,0
15.81505612,8.379021423,0
15.81505612,8.379021423,0
18.14111353,8.379021423,0
19.87259419,8.379021423,0
19.87259419,8.379021423,0
20.94755356,8.379021423,0
21.76933623,8.379021423,0
7.83785685,8.636897591,0
7.83785685,8.636897591,0
8.112952607,8.636897591,0
8.379021423,8.636897591,0
8.636897591,8.636897591,0
8.636897591,8.636897591,0
8.887294301,8.636897591,0
8.887294301,8.636897591,0
9.368030743,8.636897591,0
9.368030743,8.636897591,0
10.26216351,8.636897591,0
10.26216351,8.636897591,0
10.47377678,8.636897591,0
11.08440346,8.636897591,0
12.21441771,8.636897591,0
12.21441771,8.636897591,0
12.56853213,8.636897591,0
12.56853213,8.636897591,0
12.91293925,8.636897591,0
15.39324527,8.636897591,0
16.22590521,8.636897591,0
28.49175319,8.636897591,0
2.962431434,8.887294301,0
3.628222705,8.887294301,0
4.684015371,8.887294301,0
5.131081757,8.887294301,0
5.131081757,8.887294301,0
5.131081757,8.887294301,0
5.131081757,8.887294301,0
5.924862868,8.887294301,0
5.924862868,8.887294301,0
6.284266067,8.887294301,0
6.284266067,8.887294301,0
6.624198065,8.887294301,0
6.624198065,8.887294301,0
6.624198065,8.887294301,0
6.624198065,8.887294301,0
6.624198065,8.887294301,0
6.947517542,8.887294301,0
7.256445411,8.887294301,0
7.256445411,8.887294301,0
7.256445411,8.887294301,0
7.256445411,8.887294301,0
7.256445411,8.887294301,0
7.256445411,8.887294301,0
7.256445411,8.887294301,0
7.83785685,8.887294301,0
7.83785685,8.887294301,0
7.83785685,8.887294301,0
7.83785685,8.887294301,0
7.83785685,8.887294301,0
7.83785685,8.887294301,0
7.83785685,8.887294301,0
7.83785685,8.887294301,0
7.83785685,8.887294301,0
7.83785685,8.887294301,0
7.83785685,8.887294301,0
7.83785685,8.887294301,0
7.83785685,8.887294301,0
7.83785685,8.887294301,0
8.112952607,8.887294301,0
8.112952607,8.887294301,0
8.112952607,8.887294301,0
8.112952607,8.887294301,0
8.112952607,8.887294301,0
8.112952607,8.887294301,0
8.112952607,8.887294301,0
8.379021423,8.887294301,0
8.379021423,8.887294301,0
8.379021423,8.887294301,0
8.379021423,8.887294301,0
8.379021423,8.887294301,0
8.379021423,8.887294301,0
8.379021423,8.887294301,0
8.636897591,8.887294301,0
8.887294301,8.887294301,0
8.887294301,8.887294301,0
8.887294301,8.887294301,0
8.887294301,8.887294301,0
8.887294301,8.887294301,0
8.887294301,8.887294301,0
9.130826907,8.887294301,0
9.130826907,8.887294301,0
9.368030743,8.887294301,0
9.368030743,8.887294301,0
9.368030743,8.887294301,0
9.368030743,8.887294301,0
9.368030743,8.887294301,0
9.368030743,8.887294301,0
9.368030743,8.887294301,0
9.368030743,8.887294301,0
9.59937498,8.887294301,0
9.825273533,8.887294301,0
9.825273533,8.887294301,0
9.825273533,8.887294301,0
9.825273533,8.887294301,0
9.825273533,8.887294301,0
9.825273533,8.887294301,0
10.26216351,8.887294301,0
10.26216351,8.887294301,0
10.68119843,8.887294301,0
11.08440346,8.887294301,0
11.08440346,8.887294301,0
11.08440346,8.887294301,0
11.84972574,8.887294301,0
11.84972574,8.887294301,0
12.21441771,8.887294301,0
12.56853213,8.887294301,0
13.24839613,8.887294301,0
13.57556629,8.887294301,0
13.89503508,8.887294301,0
14.51289082,8.887294301,0
14.81215717,8.887294301,0
14.81215717,8.887294301,0
14.95954545,8.887294301,0
15.39324527,8.887294301,0
16.22590521,8.887294301,0
16.22590521,8.887294301,0
17.27379518,8.887294301,0
17.7745886,8.887294301,0
17.7745886,8.887294301,0
17.7745886,8.887294301,0
18.26165381,8.887294301,0
23.51357055,8.887294301,0
8.379021423,9.130826907,0
9.368030743,9.130826907,0
9.368030743,9.130826907,0
9.825273533,9.130826907,0
10.26216351,9.130826907,0
10.26216351,9.130826907,0
10.68119843,9.130826907,0
12.21441771,9.130826907,0
12.56853213,9.130826907,0
12.56853213,9.130826907,0
13.24839613,9.130826907,0
13.24839613,9.130826907,0
13.57556629,9.130826907,0
4.684015371,9.368030743,0
5.131081757,9.368030743,0
5.924862868,9.368030743,0
5.924862868,9.368030743,0
5.924862868,9.368030743,0
5.924862868,9.368030743,0
5.924862868,9.368030743,0
6.284266067,9.368030743,0
6.284266067,9.368030743,0
6.624198065,9.368030743,0
6.624198065,9.368030743,0
6.624198065,9.368030743,0
6.624198065,9.368030743,0
6.624198065,9.368030743,0
6.947517542,9.368030743,0
6.947517542,9.368030743,0
6.947517542,9.368030743,0
7.256445411,9.368030743,0
7.256445411,9.368030743,0
7.256445411,9.368030743,0
7.256445411,9.368030743,0
7.256445411,9.368030743,0
7.256445411,9.368030743,0
7.552747844,9.368030743,0
7.83785685,9.368030743,0
7.83785685,9.368030743,0
7.83785685,9.368030743,0
7.83785685,9.368030743,0
7.83785685,9.368030743,0
7.83785685,9.368030743,0
7.83785685,9.368030743,0
7.83785685,9.368030743,0
8.112952607,9.368030743,0
8.112952607,9.368030743,0
8.112952607,9.368030743,0
8.112952607,9.368030743,0
8.379021423,9.368030743,0
8.379021423,9.368030743,0
8.379021423,9.368030743,0
8.379021423,9.368030743,0
8.379021423,9.368030743,0
8.379021423,9.368030743,0
8.379021423,9.368030743,0
8.636897591,9.368030743,0
8.887294301,9.368030743,0
8.887294301,9.368030743,0
8.887294301,9.368030743,0
8.887294301,9.368030743,0
8.887294301,9.368030743,0
8.887294301,9.368030743,0
8.887294301,9.368030743,0
8.887294301,9.368030743,0
8.887294301,9.368030743,0
8.887294301,9.368030743,0
8.887294301,9.368030743,0
8.887294301,9.368030743,0
8.887294301,9.368030743,0
8.887294301,9.368030743,0
9.368030743,9.368030743,0
9.368030743,9.368030743,0
9.368030743,9.368030743,0
9.368030743,9.368030743,0
9.368030743,9.368030743,0
9.368030743,9.368030743,0
9.368030743,9.368030743,0
9.368030743,9.368030743,0
9.368030743,9.368030743,0
9.368030743,9.368030743,0
9.368030743,9.368030743,0
9.368030743,9.368030743,0
9.368030743,9.368030743,0
9.368030743,9.368030743,0
9.59937498,9.368030743,0
9.59937498,9.368030743,0
9.59937498,9.368030743,0
9.59937498,9.368030743,0
9.59937498,9.368030743,0
9.825273533,9.368030743,0
9.825273533,9.368030743,0
9.825273533,9.368030743,0
9.825273533,9.368030743,0
9.825273533,9.368030743,0
9.825273533,9.368030743,0
9.825273533,9.368030743,0
10.26216351,9.368030743,0
10.26216351,9.368030743,0
10.26216351,9.368030743,0
10.26216351,9.368030743,0
10.26216351,9.368030743,0
10.26216351,9.368030743,0
10.26216351,9.368030743,0
10.26216351,9.368030743,0
10.68119843,9.368030743,0
10.68119843,9.368030743,0
10.68119843,9.368030743,0
10.68119843,9.368030743,0
10.88466812,9.368030743,0
11.08440346,9.368030743,0
11.08440346,9.368030743,0
11.08440346,9.368030743,0
11.47344761,9.368030743,0
11.47344761,9.368030743,0
11.47344761,9.368030743,0
11.47344761,9.368030743,0
11.47344761,9.368030743,0
11.47344761,9.368030743,0
11.47344761,9.368030743,0
11.47344761,9.368030743,0
11.84972574,9.368030743,0
11.84972574,9.368030743,0
11.84972574,9.368030743,0
12.56853213,9.368030743,0
12.56853213,9.368030743,0
12.56853213,9.368030743,0
12.56853213,9.368030743,0
12.91293925,9.368030743,0
12.91293925,9.368030743,0
13.081743,9.368030743,0
13.24839613,9.368030743,0
13.57556629,9.368030743,0
14.51289082,9.368030743,0
14.51289082,9.368030743,0
14.51289082,9.368030743,0
14.81215717,9.368030743,0
15.39324527,9.368030743,0
15.6757137,9.368030743,0
16.22590521,9.368030743,0
16.22590521,9.368030743,0
17.01787296,9.368030743,0
17.27379518,9.368030743,0
17.52598071,9.368030743,0
18.50037837,9.368030743,0
18.50037837,9.368030743,0
19.19874996,9.368030743,0
19.65054707,9.368030743,0
20.52432703,9.368030743,0
21.96997952,9.368030743,0
27.71100864,9.368030743,0
5.542201729,9.59937498,0
5.924862868,9.59937498,0
6.284266067,9.59937498,0
6.624198065,9.59937498,0
6.624198065,9.59937498,0
6.624198065,9.59937498,0
6.947517542,9.59937498,0
7.256445411,9.59937498,0
7.256445411,9.59937498,0
7.256445411,9.59937498,0
7.256445411,9.59937498,0
7.256445411,9.59937498,0
7.83785685,9.59937498,0
8.112952607,9.59937498,0
8.379021423,9.59937498,0
8.887294301,9.59937498,0
8.887294301,9.59937498,0
8.887294301,9.59937498,0
8.887294301,9.59937498,0
8.887294301,9.59937498,0
8.887294301,9.59937498,0
9.825273533,9.59937498,0
10.47377678,9.59937498,0
10.88466812,9.59937498,0
11.47344761,9.59937498,0
11.84972574,9.59937498,0
12.03345337,9.59937498,0
12.21441771,9.59937498,0
15.39324527,9.59937498,0
16.22590521,9.59937498,0
19.19874996,9.59937498,0
3.628222705,9.825273533,0
4.189510711,9.825273533,0
5.131081757,9.825273533,0
5.924862868,9.825273533,0
5.924862868,9.825273533,0
6.624198065,9.825273533,0
6.624198065,9.825273533,0
6.624198065,9.825273533,0
6.624198065,9.825273533,0
6.624198065,9.825273533,0
6.947517542,9.825273533,0
7.256445411,9.825273533,0
7.552747844,9.825273533,0
7.83785685,9.825273533,0
7.83785685,9.825273533,0
7.83785685,9.825273533,0
8.379021423,9.825273533,0
8.636897591,9.825273533,0
8.636897591,9.825273533,0
8.887294301,9.825273533,0
8.887294301,9.825273533,0
8.887294301,9.825273533,0
8.887294301,9.825273533,0
8.887294301,9.825273533,0
8.887294301,9.825273533,0
9.368030743,9.825273533,0
9.368030743,9.825273533,0
9.368030743,9.825273533,0
9.368030743,9.825273533,0
9.368030743,9.825273533,0
9.368030743,9.825273533,0
9.368030743,9.825273533,0
9.59937498,9.825273533,0
9.825273533,9.825273533,0
9.825273533,9.825273533,0
9.825273533,9.825273533,0
9.825273533,9.825273533,0
9.825273533,9.825273533,0
10.26216351,9.825273533,0
10.26216351,9.825273533,0
10.26216351,9.825273533,0
10.47377678,9.825273533,0
10.68119843,9.825273533,0
10.68119843,9.825273533,0
10.68119843,9.825273533,0
10.88466812,9.825273533,0
11.08440346,9.825273533,0
11.08440346,9.825273533,0
11.08440346,9.825273533,0
11.84972574,9.825273533,0
12.03345337,9.825273533,0
12.21441771,9.825273533,0
12.21441771,9.825273533,0
12.56853213,9.825273533,0
12.56853213,9.825273533,0
12.91293925,9.825273533,0
13.081743,9.825273533,0
13.24839613,9.825273533,0
13.24839613,9.825273533,0
13.57556629,9.825273533,0
13.89503508,9.825273533,0
13.89503508,9.825273533,0
13.89503508,9.825273533,0
14.05204611,9.825273533,0
14.05204611,9.825273533,0
14.95954545,9.825273533,0
14.95954545,9.825273533,0
16.75804285,9.825273533,0
17.40034482,9.825273533,0
17.7745886,9.825273533,0
21.15599206,9.825273533,0
22.36586685,9.825273533,0
22.94689521,9.825273533,0
23.69945147,9.825273533,0
10.26216351,10.04609377,0
12.21441771,10.04609377,0
14.81215717,10.04609377,0
14.81215717,10.04609377,0
15.10549569,10.04609377,0
15.39324527,10.04609377,0
16.62660519,10.04609377,0
18.26165381,10.04609377,0
4.684015371,10.26216351,0
5.131081757,10.26216351,0
5.542201729,10.26216351,0
5.542201729,10.26216351,0
5.924862868,10.26216351,0
5.924862868,10.26216351,0
6.624198065,10.26216351,0
6.624198065,10.26216351,0
6.624198065,10.26216351,0
6.624198065,10.26216351,0
6.624198065,10.26216351,0
6.624198065,10.26216351,0
6.624198065,10.26216351,0
6.624198065,10.26216351,0
6.947517542,10.26216351,0
6.947517542,10.26216351,0
7.256445411,10.26216351,0
7.256445411,10.26216351,0
7.256445411,10.26216351,0
7.256445411,10.26216351,0
7.256445411,10.26216351,0
7.256445411,10.26216351,0
7.256445411,10.26216351,0
7.256445411,10.26216351,0
7.256445411,10.26216351,0
7.83785685,10.26216351,0
7.83785685,10.26216351,0
7.83785685,10.26216351,0
7.83785685,10.26216351,0
7.83785685,10.26216351,0
7.83785685,10.26216351,0
7.83785685,10.26216351,0
7.83785685,10.26216351,0
8.112952607,10.26216351,0
8.379021423,10.26216351,0
8.379021423,10.26216351,0
8.379021423,10.26216351,0
8.379021423,10.26216351,0
8.379021423,10.26216351,0
8.379021423,10.26216351,0
8.379021423,10.26216351,0
8.379021423,10.26216351,0
8.379021423,10.26216351,0
8.887294301,10.26216351,0
8.887294301,10.26216351,0
8.887294301,10.26216351,0
8.887294301,10.26216351,0
8.887294301,10.26216351,0
8.887294301,10.26216351,0
8.887294301,10.26216351,0
8.887294301,10.26216351,0
8.887294301,10.26216351,0
8.887294301,10.26216351,0
8.887294301,10.26216351,0
8.887294301,10.26216351,0
8.887294301,10.26216351,0
8.887294301,10.26216351,0
8.887294301,10.26216351,0
9.368030743,10.26216351,0
9.368030743,10.26216351,0
9.368030743,10.26216351,0
9.368030743,10.26216351,0
9.368030743,10.26216351,0
9.368030743,10.26216351,0
9.368030743,10.26216351,0
9.368030743,10.26216351,0
9.368030743,10.26216351,0
9.368030743,10.26216351,0
9.368030743,10.26216351,0
9.368030743,10.26216351,0
9.368030743,10.26216351,0
9.368030743,10.26216351,0
9.368030743,10.26216351,0
9.368030743,10.26216351,0
9.368030743,10.26216351,0
9.59937498,10.26216351,0
9.59937498,10.26216351,0
9.825273533,10.26216351,0
9.825273533,10.26216351,0
9.825273533,10.26216351,0
9.825273533,10.26216351,0
9.825273533,10.26216351,0
9.825273533,10.26216351,0
9.825273533,10.26216351,0
9.825273533,10.26216351,0
9.825273533,10.26216351,0
9.825273533,10.26216351,0
10.26216351,10.26216351,0
10.26216351,10.26216351,0
10.26216351,10.26216351,0
10.26216351,10.26216351,0
10.26216351,10.26216351,0
10.26216351,10.26216351,0
10.26216351,10.26216351,0
10.26216351,10.26216351,0
10.26216351,10.26216351,0
10.26216351,10.26216351,0
10.26216351,10.26216351,0
10.26216351,10.26216351,0
10.68119843,10.26216351,0
10.68119843,10.26216351,0
10.68119843,10.26216351,0
10.88466812,10.26216351,0
10.88466812,10.26216351,0
11.08440346,10.26216351,0
11.08440346,10.26216351,0
11.08440346,10.26216351,0
11.08440346,10.26216351,0
11.08440346,10.26216351,0
11.28060282,10.26216351,0
11.47344761,10.26216351,0
11.47344761,10.26216351,0
11.47344761,10.26216351,0
11.47344761,10.26216351,0
11.47344761,10.26216351,0
11.84972574,10.26216351,0
11.84972574,10.26216351,0
11.84972574,10.26216351,0
12.03345337,10.26216351,0
12.03345337,10.26216351,0
12.03345337,10.26216351,0
12.21441771,10.26216351,0
12.21441771,10.26216351,0
12.56853213,10.26216351,0
12.56853213,10.26216351,0
12.56853213,10.26216351,0
12.56853213,10.26216351,0
12.56853213,10.26216351,0
12.56853213,10.26216351,0
12.56853213,10.26216351,0
12.56853213,10.26216351,0
12.91293925,10.26216351,0
12.91293925,10.26216351,0
13.081743,10.26216351,0
13.24839613,10.26216351,0
13.57556629,10.26216351,0
13.57556629,10.26216351,0
13.57556629,10.26216351,0
13.57556629,10.26216351,0
13.89503508,10.26216351,0
13.89503508,10.26216351,0
14.05204611,10.26216351,0
14.51289082,10.26216351,0
14.81215717,10.26216351,0
14.81215717,10.26216351,0
14.95954545,10.26216351,0
15.39324527,10.26216351,0
15.39324527,10.26216351,0
15.5351215,10.26216351,0
15.81505612,10.26216351,0
16.22590521,10.26216351,0
16.62660519,10.26216351,0
16.62660519,10.26216351,0
16.75804285,10.26216351,0
16.75804285,10.26216351,0
17.01787296,10.26216351,0
17.01787296,10.26216351,0
17.01787296,10.26216351,0
17.52598071,10.26216351,0
17.7745886,10.26216351,0
17.7745886,10.26216351,0
18.26165381,10.26216351,0
20.52432703,10.26216351,0
9.130826907,10.47377678,0
9.59937498,10.47377678,0
11.08440346,10.47377678,0
11.08440346,10.47377678,0
11.66310422,10.47377678,0
13.89503508,10.47377678,0
14.51289082,10.47377678,0
14.81215717,10.47377678,0
14.95954545,10.47377678,0
15.39324527,10.47377678,0
15.6757137,10.47377678,0
15.6757137,10.47377678,0
16.22590521,10.47377678,0
16.75804285,10.47377678,0
17.7745886,10.47377678,0
19.19874996,10.47377678,0
20.09218754,10.47377678,0
20.52432703,10.47377678,0
21.464855,10.47377678,0
24.78547962,10.47377678,0
5.131081757,10.68119843,0
6.284266067,10.68119843,0
6.624198065,10.68119843,0
6.947517542,10.68119843,0
7.83785685,10.68119843,0
8.112952607,10.68119843,0
8.112952607,10.68119843,0
8.112952607,10.68119843,0
8.379021423,10.68119843,0
8.379021423,10.68119843,0
8.636897591,10.68119843,0
8.887294301,10.68119843,0
8.887294301,10.68119843,0
9.368030743,10.68119843,0
9.368030743,10.68119843,0
9.825273533,10.68119843,0
9.825273533,10.68119843,0
9.825273533,10.68119843,0
9.825273533,10.68119843,0
9.825273533,10.68119843,0
9.825273533,10.68119843,0
10.26216351,10.68119843,0
10.26216351,10.68119843,0
10.26216351,10.68119843,0
10.26216351,10.68119843,0
10.26216351,10.68119843,0
10.26216351,10.68119843,0
10.26216351,10.68119843,0
10.26216351,10.68119843,0
10.26216351,10.68119843,0
10.68119843,10.68119843,0
10.68119843,10.68119843,0
10.68119843,10.68119843,0
10.68119843,10.68119843,0
11.08440346,10.68119843,0
11.08440346,10.68119843,0
11.08440346,10.68119843,0
11.08440346,10.68119843,0
11.47344761,10.68119843,0
11.47344761,10.68119843,0
11.47344761,10.68119843,0
11.47344761,10.68119843,0
11.47344761,10.68119843,0
11.84972574,10.68119843,0
12.03345337,10.68119843,0
12.03345337,10.68119843,0
12.21441771,10.68119843,0
12.21441771,10.68119843,0
12.21441771,10.68119843,0
12.21441771,10.68119843,0
12.21441771,10.68119843,0
12.56853213,10.68119843,0
12.56853213,10.68119843,0
12.56853213,10.68119843,0
12.56853213,10.68119843,0
12.91293925,10.68119843,0
12.91293925,10.68119843,0
13.57556629,10.68119843,0
13.57556629,10.68119843,0
13.57556629,10.68119843,0
14.05204611,10.68119843,0
14.51289082,10.68119843,0
15.39324527,10.68119843,0
15.81505612,10.68119843,0
16.22590521,10.68119843,0
16.22590521,10.68119843,0
16.49412016,10.68119843,0
17.7745886,10.68119843,0
19.87259419,10.68119843,0
7.256445411,10.88466812,0
7.256445411,10.88466812,0
7.256445411,10.88466812,0
8.379021423,10.88466812,0
8.887294301,10.88466812,0
9.368030743,10.88466812,0
9.59937498,10.88466812,0
9.59937498,10.88466812,0
10.26216351,10.88466812,0
10.68119843,10.88466812,0
10.68119843,10.88466812,0
11.47344761,10.88466812,0
13.24839613,10.88466812,0
13.89503508,10.88466812,0
14.20732206,10.88466812,0
15.6757137,10.88466812,0
16.22590521,10.88466812,0
17.40034482,10.88466812,0
17.7745886,10.88466812,0
17.7745886,10.88466812,0
18.14111353,10.88466812,0
19.19874996,10.88466812,0
19.42596201,10.88466812,0
20.09218754,10.88466812,0
22.94689521,10.88466812,0
23.32620844,10.88466812,0
5.924862868,11.08440346,0
5.924862868,11.08440346,0
6.284266067,11.08440346,0
6.624198065,11.08440346,0
6.624198065,11.08440346,0
6.947517542,11.08440346,0
7.256445411,11.08440346,0
7.256445411,11.08440346,0
7.256445411,11.08440346,0
7.552747844,11.08440346,0
7.552747844,11.08440346,0
7.83785685,11.08440346,0
8.112952607,11.08440346,0
8.112952607,11.08440346,0
8.887294301,11.08440346,0
9.130826907,11.08440346,0
9.368030743,11.08440346,0
9.368030743,11.08440346,0
9.368030743,11.08440346,0
9.368030743,11.08440346,0
9.825273533,11.08440346,0
9.825273533,11.08440346,0
9.825273533,11.08440346,0
9.825273533,11.08440346,0
10.26216351,11.08440346,0
10.26216351,11.08440346,0
10.26216351,11.08440346,0
10.26216351,11.08440346,0
10.26216351,11.08440346,0
10.26216351,11.08440346,0
10.26216351,11.08440346,0
10.47377678,11.08440346,0
10.47377678,11.08440346,0
10.68119843,11.08440346,0
10.68119843,11.08440346,0
10.68119843,11.08440346,0
10.68119843,11.08440346,0
10.68119843,11.08440346,0
10.68119843,11.08440346,0
10.68119843,11.08440346,0
10.68119843,11.08440346,0
11.08440346,11.08440346,0
11.08440346,11.08440346,0
11.08440346,11.08440346,0
11.08440346,11.08440346,0
11.47344761,11.08440346,0
11.47344761,11.08440346,0
11.47344761,11.08440346,0
11.47344761,11.08440346,0
11.47344761,11.08440346,0
11.84972574,11.08440346,0
11.84972574,11.08440346,0
11.84972574,11.08440346,0
11.84972574,11.08440346,0
11.84972574,11.08440346,0
11.84972574,11.08440346,0
12.03345337,11.08440346,0
12.03345337,11.08440346,0
12.21441771,11.08440346,0
12.21441771,11.08440346,0
12.21441771,11.08440346,0
12.21441771,11.08440346,0
12.56853213,11.08440346,0
12.56853213,11.08440346,0
12.56853213,11.08440346,0
12.56853213,11.08440346,0
12.56853213,11.08440346,0
12.56853213,11.08440346,0
13.24839613,11.08440346,0
13.24839613,11.08440346,0
14.05204611,11.08440346,0
14.20732206,11.08440346,0
14.51289082,11.08440346,0
14.51289082,11.08440346,0
14.81215717,11.08440346,0
14.81215717,11.08440346,0
14.95954545,11.08440346,0
15.10549569,11.08440346,0
15.39324527,11.08440346,0
15.6757137,11.08440346,0
15.6757137,11.08440346,0
15.9531815,11.08440346,0
16.22590521,11.08440346,0
17.27379518,11.08440346,0
19.19874996,11.08440346,0
19.19874996,11.08440346,0
20.09218754,11.08440346,0
20.94755356,11.08440346,0
27.47245894,11.08440346,0
30.78649054,11.08440346,0
10.26216351,11.28060282,0
13.89503508,11.28060282,0
14.20732206,11.28060282,0
15.39324527,11.28060282,0
16.62660519,11.28060282,0
16.75804285,11.28060282,0
5.131081757,11.47344761,0
5.542201729,11.47344761,0
5.924862868,11.47344761,0
5.924862868,11.47344761,0
6.624198065,11.47344761,0
6.624198065,11.47344761,0
7.256445411,11.47344761,0
7.83785685,11.47344761,0
7.83785685,11.47344761,0
7.83785685,11.47344761,0
8.112952607,11.47344761,0
8.112952607,11.47344761,0
8.379021423,11.47344761,0
8.379021423,11.47344761,0
8.379021423,11.47344761,0
8.636897591,11.47344761,0
8.636897591,11.47344761,0
8.887294301,11.47344761,0
8.887294301,11.47344761,0
9.130826907,11.47344761,0
9.368030743,11.47344761,0
9.368030743,11.47344761,0
9.368030743,11.47344761,0
9.368030743,11.47344761,0
9.368030743,11.47344761,0
9.368030743,11.47344761,0
9.59937498,11.47344761,0
9.59937498,11.47344761,0
9.825273533,11.47344761,0
9.825273533,11.47344761,0
9.825273533,11.47344761,0
9.825273533,11.47344761,0
9.825273533,11.47344761,0
10.26216351,11.47344761,0
10.26216351,11.47344761,0
10.26216351,11.47344761,0
10.26216351,11.47344761,0
10.26216351,11.47344761,0
10.26216351,11.47344761,0
10.26216351,11.47344761,0
10.26216351,11.47344761,0
10.26216351,11.47344761,0
10.26216351,11.47344761,0
10.26216351,11.47344761,0
10.26216351,11.47344761,0
10.26216351,11.47344761,0
10.26216351,11.47344761,0
10.47377678,11.47344761,0
10.68119843,11.47344761,0
10.68119843,11.47344761,0
10.68119843,11.47344761,0
10.68119843,11.47344761,0
10.88466812,11.47344761,0
11.08440346,11.47344761,0
11.08440346,11.47344761,0
11.08440346,11.47344761,0
11.08440346,11.47344761,0
11.47344761,11.47344761,0
11.47344761,11.47344761,0
11.47344761,11.47344761,0
11.47344761,11.47344761,0
11.47344761,11.47344761,0
11.47344761,11.47344761,0
11.47344761,11.47344761,0
11.47344761,11.47344761,0
11.47344761,11.47344761,0
11.47344761,11.47344761,0
11.47344761,11.47344761,0
11.47344761,11.47344761,0
11.47344761,11.47344761,0
11.84972574,11.47344761,0
11.84972574,11.47344761,0
11.84972574,11.47344761,0
11.84972574,11.47344761,0
11.84972574,11.47344761,0
11.84972574,11.47344761,0
12.03345337,11.47344761,0
12.03345337,11.47344761,0
12.03345337,11.47344761,0
12.03345337,11.47344761,0
12.03345337,11.47344761,0
12.21441771,11.47344761,0
12.21441771,11.47344761,0
12.56853213,11.47344761,0
12.56853213,11.47344761,0
12.56853213,11.47344761,0
12.56853213,11.47344761,0
12.56853213,11.47344761,0
12.56853213,11.47344761,0
13.24839613,11.47344761,0
13.57556629,11.47344761,0
13.57556629,11.47344761,0
13.57556629,11.47344761,0
13.89503508,11.47344761,0
13.89503508,11.47344761,0
13.89503508,11.47344761,0
13.89503508,11.47344761,0
14.05204611,11.47344761,0
14.20732206,11.47344761,0
14.20732206,11.47344761,0
14.20732206,11.47344761,0
14.51289082,11.47344761,0
14.81215717,11.47344761,0
14.95954545,11.47344761,0
15.10549569,11.47344761,0
15.39324527,11.47344761,0
15.39324527,11.47344761,0
15.39324527,11.47344761,0
15.6757137,11.47344761,0
15.6757137,11.47344761,0
16.22590521,11.47344761,0
16.22590521,11.47344761,0
16.75804285,11.47344761,0
17.01787296,11.47344761,0
17.7745886,11.47344761,0
17.7745886,11.47344761,0
18.73606149,11.47344761,0
20.84255263,11.47344761,0
21.464855,11.47344761,0
21.464855,11.47344761,0
22.06961712,11.47344761,0
14.81215717,11.66310422,0
15.6757137,11.66310422,0
18.01976692,11.66310422,0
6.624198065,11.84972574,0
7.256445411,11.84972574,0
7.552747844,11.84972574,0
7.552747844,11.84972574,0
7.83785685,11.84972574,0
7.83785685,11.84972574,0
8.112952607,11.84972574,0
8.379021423,11.84972574,0
8.379021423,11.84972574,0
8.636897591,11.84972574,0
8.887294301,11.84972574,0
8.887294301,11.84972574,0
8.887294301,11.84972574,0
8.887294301,11.84972574,0
9.130826907,11.84972574,0
9.130826907,11.84972574,0
9.368030743,11.84972574,0
9.368030743,11.84972574,0
9.368030743,11.84972574,0
9.59937498,11.84972574,0
9.59937498,11.84972574,0
9.825273533,11.84972574,0
10.26216351,11.84972574,0
10.26216351,11.84972574,0
10.26216351,11.84972574,0
10.26216351,11.84972574,0
10.26216351,11.84972574,0
10.47377678,11.84972574,0
10.68119843,11.84972574,0
10.68119843,11.84972574,0
10.68119843,11.84972574,0
10.68119843,11.84972574,0
10.68119843,11.84972574,0
10.88466812,11.84972574,0
11.08440346,11.84972574,0
11.08440346,11.84972574,0
11.08440346,11.84972574,0
11.47344761,11.84972574,0
11.47344761,11.84972574,0
11.47344761,11.84972574,0
11.47344761,11.84972574,0
11.47344761,11.84972574,0
11.47344761,11.84972574,0
11.47344761,11.84972574,0
11.47344761,11.84972574,0
11.47344761,11.84972574,0
11.47344761,11.84972574,0
11.84972574,11.84972574,0
11.84972574,11.84972574,0
11.84972574,11.84972574,0
12.03345337,11.84972574,0
12.21441771,11.84972574,0
12.21441771,11.84972574,0
12.21441771,11.84972574,0
12.21441771,11.84972574,0
12.21441771,11.84972574,0
12.56853213,11.84972574,0
12.56853213,11.84972574,0
12.56853213,11.84972574,0
12.56853213,11.84972574,0
12.56853213,11.84972574,0
12.91293925,11.84972574,0
12.91293925,11.84972574,0
12.91293925,11.84972574,0
13.081743,11.84972574,0
13.24839613,11.84972574,0
13.24839613,11.84972574,0
13.24839613,11.84972574,0
13.24839613,11.84972574,0
13.24839613,11.84972574,0
13.24839613,11.84972574,0
13.24839613,11.84972574,0
13.57556629,11.84972574,0
13.57556629,11.84972574,0
13.57556629,11.84972574,0
13.57556629,11.84972574,0
13.89503508,11.84972574,0
13.89503508,11.84972574,0
13.89503508,11.84972574,0
14.05204611,11.84972574,0
14.05204611,11.84972574,0
14.05204611,11.84972574,0
14.20732206,11.84972574,0
14.51289082,11.84972574,0
14.51289082,11.84972574,0
14.51289082,11.84972574,0
14.95954545,11.84972574,0
15.10549569,11.84972574,0
15.39324527,11.84972574,0
15.6757137,11.84972574,0
15.9531815,11.84972574,0
16.22590521,11.84972574,0
16.22590521,11.84972574,0
16.75804285,11.84972574,0
16.75804285,11.84972574,0
16.75804285,11.84972574,0
17.52598071,11.84972574,0
17.7745886,11.84972574,0
18.26165381,11.84972574,0
18.26165381,11.84972574,0
18.26165381,11.84972574,0
18.50037837,11.84972574,0
19.53857723,11.84972574,0
19.65054707,11.84972574,0
19.87259419,11.84972574,0
20.20108908,11.84972574,0
20.20108908,11.84972574,0
21.76933623,11.84972574,0
22.94689521,11.84972574,0
32.45181043,11.84972574,0
6.284266067,12.03345337,0
6.947517542,12.03345337,0
7.256445411,12.03345337,0
7.256445411,12.03345337,0
7.256445411,12.03345337,0
7.552747844,12.03345337,0
7.552747844,12.03345337,0
7.83785685,12.03345337,0
7.83785685,12.03345337,0
7.83785685,12.03345337,0
8.887294301,12.03345337,0
8.887294301,12.03345337,0
9.368030743,12.03345337,0
9.59937498,12.03345337,0
9.825273533,12.03345337,0
10.26216351,12.03345337,0
10.26216351,12.03345337,0
10.26216351,12.03345337,0
10.26216351,12.03345337,0
10.68119843,12.03345337,0
10.68119843,12.03345337,0
10.88466812,12.03345337,0
11.47344761,12.03345337,0
11.47344761,12.03345337,0
11.47344761,12.03345337,0
11.84972574,12.03345337,0
11.84972574,12.03345337,0
13.24839613,12.03345337,0
13.24839613,12.03345337,0
14.05204611,12.03345337,0
15.6757137,12.03345337,0
16.22590521,12.03345337,0
16.22590521,12.03345337,0
17.7745886,12.03345337,0
17.7745886,12.03345337,0
18.01976692,12.03345337,0
18.26165381,12.03345337,0
19.19874996,12.03345337,0
19.19874996,12.03345337,0
19.65054707,12.03345337,0
20.94755356,12.03345337,0
25.48379877,12.03345337,0
5.924862868,12.21441771,0
7.83785685,12.21441771,0
7.83785685,12.21441771,0
7.83785685,12.21441771,0
8.112952607,12.21441771,0
8.112952607,12.21441771,0
8.379021423,12.21441771,0
8.887294301,12.21441771,0
9.130826907,12.21441771,0
9.130826907,12.21441771,0
9.368030743,12.21441771,0
9.368030743,12.21441771,0
9.368030743,12.21441771,0
9.368030743,12.21441771,0
9.368030743,12.21441771,0
9.825273533,12.21441771,0
9.825273533,12.21441771,0
9.825273533,12.21441771,0
9.825273533,12.21441771,0
10.26216351,12.21441771,0
10.26216351,12.21441771,0
10.26216351,12.21441771,0
10.26216351,12.21441771,0
10.26216351,12.21441771,0
10.26216351,12.21441771,0
10.26216351,12.21441771,0
10.26216351,12.21441771,0
10.26216351,12.21441771,0
10.68119843,12.21441771,0
10.68119843,12.21441771,0
11.08440346,12.21441771,0
11.08440346,12.21441771,0
11.08440346,12.21441771,0
11.08440346,12.21441771,0
11.08440346,12.21441771,0
11.47344761,12.21441771,0
11.47344761,12.21441771,0
11.47344761,12.21441771,0
11.47344761,12.21441771,0
11.84972574,12.21441771,0
11.84972574,12.21441771,0
11.84972574,12.21441771,0
11.84972574,12.21441771,0
11.84972574,12.21441771,0
11.84972574,12.21441771,0
11.84972574,12.21441771,0
11.84972574,12.21441771,0
12.03345337,12.21441771,0
12.03345337,12.21441771,0
12.21441771,12.21441771,0
12.21441771,12.21441771,0
12.21441771,12.21441771,0
12.21441771,12.21441771,0
12.21441771,12.21441771,0
12.21441771,12.21441771,0
12.21441771,12.21441771,0
12.21441771,12.21441771,0
12.56853213,12.21441771,0
12.56853213,12.21441771,0
12.56853213,12.21441771,0
12.56853213,12.21441771,0
12.56853213,12.21441771,0
12.56853213,12.21441771,0
12.56853213,12.21441771,0
12.56853213,12.21441771,0
12.56853213,12.21441771,0
12.91293925,12.21441771,0
12.91293925,12.21441771,0
12.91293925,12.21441771,0
12.91293925,12.21441771,0
13.24839613,12.21441771,0
13.24839613,12.21441771,0
13.57556629,12.21441771,0
13.57556629,12.21441771,0
13.57556629,12.21441771,0
13.57556629,12.21441771,0
13.57556629,12.21441771,0
13.89503508,12.21441771,0
13.89503508,12.21441771,0
13.89503508,12.21441771,0
13.89503508,12.21441771,0
14.05204611,12.21441771,0
14.05204611,12.21441771,0
14.05204611,12.21441771,0
14.20732206,12.21441771,0
14.20732206,12.21441771,0
14.51289082,12.21441771,0
14.51289082,12.21441771,0
14.51289082,12.21441771,0
14.51289082,12.21441771,0
14.51289082,12.21441771,0
14.81215717,12.21441771,0
14.95954545,12.21441771,0
14.95954545,12.21441771,0
15.39324527,12.21441771,0
15.39324527,12.21441771,0
15.39324527,12.21441771,0
15.39324527,12.21441771,0
16.22590521,12.21441771,0
16.22590521,12.21441771,0
16.22590521,12.21441771,0
16.22590521,12.21441771,0
16.22590521,12.21441771,0
16.75804285,12.21441771,0
17.01787296,12.21441771,0
17.01787296,12.21441771,0
17.27379518,12.21441771,0
17.40034482,12.21441771,0
17.52598071,12.21441771,0
18.14111353,12.21441771,0
19.87259419,12.21441771,0
20.52432703,12.21441771,0
11.08440346,12.39273981,0
14.51289082,12.39273981,0
16.22590521,12.39273981,0
16.75804285,12.39273981,0
17.52598071,12.39273981,0
17.7745886,12.39273981,0
18.14111353,12.39273981,0
18.73606149,12.39273981,0
21.96997952,12.39273981,0
24.06690674,12.39273981,0
2.094755356,12.56853213,0
6.947517542,12.56853213,0
6.947517542,12.56853213,0
7.256445411,12.56853213,0
7.256445411,12.56853213,0
7.256445411,12.56853213,0
7.256445411,12.56853213,0
7.256445411,12.56853213,0
8.112952607,12.56853213,0
8.112952607,12.56853213,0
8.379021423,12.56853213,0
8.379021423,12.56853213,0
8.379021423,12.56853213,0
8.379021423,12.56853213,0
8.379021423,12.56853213,0
8.636897591,12.56853213,0
8.636897591,12.56853213,0
8.887294301,12.56853213,0
8.887294301,12.56853213,0
8.887294301,12.56853213,0
9.368030743,12.56853213,0
9.368030743,12.56853213,0
9.368030743,12.56853213,0
9.368030743,12.56853213,0
9.368030743,12.56853213,0
9.368030743,12.56853213,0
9.368030743,12.56853213,0
9.368030743,12.56853213,0
9.368030743,12.56853213,0
9.368030743,12.56853213,0
9.368030743,12.56853213,0
9.368030743,12.56853213,0
9.59937498,12.56853213,0
9.59937498,12.56853213,0
9.59937498,12.56853213,0
9.825273533,12.56853213,0
9.825273533,12.56853213,0
10.04609377,12.56853213,0
10.26216351,12.56853213,0
10.26216351,12.56853213,0
10.26216351,12.56853213,0
10.26216351,12.56853213,0
10.26216351,12.56853213,0
10.26216351,12.56853213,0
10.26216351,12.56853213,0
10.26216351,12.56853213,0
10.26216351,12.56853213,0
10.26216351,12.56853213,0
10.26216351,12.56853213,0
10.26216351,12.56853213,0
10.47377678,12.56853213,0
10.68119843,12.56853213,0
10.68119843,12.56853213,0
10.68119843,12.56853213,0
10.68119843,12.56853213,0
10.68119843,12.56853213,0
10.88466812,12.56853213,0
11.08440346,12.56853213,0
11.08440346,12.56853213,0
11.08440346,12.56853213,0
11.08440346,12.56853213,0
11.08440346,12.56853213,0
11.08440346,12.56853213,0
11.08440346,12.56853213,0
11.08440346,12.56853213,0
11.08440346,12.56853213,0
11.47344761,12.56853213,0
11.47344761,12.56853213,0
11.47344761,12.56853213,0
11.47344761,12.56853213,0
11.47344761,12.56853213,0
11.47344761,12.56853213,0
11.47344761,12.56853213,0
11.47344761,12.56853213,0
11.47344761,12.56853213,0
11.47344761,12.56853213,0
11.84972574,12.56853213,0
11.84972574,12.56853213,0
11.84972574,12.56853213,0
11.84972574,12.56853213,0
11.84972574,12.56853213,0
11.84972574,12.56853213,0
11.84972574,12.56853213,0
12.03345337,12.56853213,0
12.03345337,12.56853213,0
12.21441771,12.56853213,0
12.21441771,12.56853213,0
12.21441771,12.56853213,0
12.21441771,12.56853213,0
12.21441771,12.56853213,0
12.21441771,12.56853213,0
12.21441771,12.56853213,0
12.21441771,12.56853213,0
12.56853213,12.56853213,0
12.56853213,12.56853213,0
12.56853213,12.56853213,0
12.56853213,12.56853213,0
12.56853213,12.56853213,0
12.56853213,12.56853213,0
12.56853213,12.56853213,0
12.56853213,12.56853213,0
12.56853213,12.56853213,0
12.56853213,12.56853213,0
12.56853213,12.56853213,0
12.56853213,12.56853213,0
12.91293925,12.56853213,0
12.91293925,12.56853213,0
12.91293925,12.56853213,0
12.91293925,12.56853213,0
12.91293925,12.56853213,0
13.081743,12.56853213,0
13.081743,12.56853213,0
13.24839613,12.56853213,0
13.24839613,12.56853213,0
13.24839613,12.56853213,0
13.24839613,12.56853213,0
13.24839613,12.56853213,0
13.24839613,12.56853213,0
13.24839613,12.56853213,0
13.24839613,12.56853213,0
13.24839613,12.56853213,0
13.24839613,12.56853213,0
13.24839613,12.56853213,0
13.57556629,12.56853213,0
13.57556629,12.56853213,0
13.57556629,12.56853213,0
13.57556629,12.56853213,0
13.89503508,12.56853213,0
13.89503508,12.56853213,0
13.89503508,12.56853213,0
13.89503508,12.56853213,0
14.05204611,12.56853213,0
14.20732206,12.56853213,0
14.20732206,12.56853213,0
14.51289082,12.56853213,0
14.51289082,12.56853213,0
14.51289082,12.56853213,0
14.51289082,12.56853213,0
14.51289082,12.56853213,0
14.51289082,12.56853213,0
14.51289082,12.56853213,0
14.81215717,12.56853213,0
15.10549569,12.56853213,0
15.39324527,12.56853213,0
15.39324527,12.56853213,0
15.39324527,12.56853213,0
15.39324527,12.56853213,0
15.39324527,12.56853213,0
15.39324527,12.56853213,0
15.6757137,12.56853213,0
15.6757137,12.56853213,0
15.6757137,12.56853213,0
15.6757137,12.56853213,0
15.81505612,12.56853213,0
15.81505612,12.56853213,0
15.9531815,12.56853213,0
16.22590521,12.56853213,0
16.22590521,12.56853213,0
16.22590521,12.56853213,0
16.22590521,12.56853213,0
16.22590521,12.56853213,0
16.22590521,12.56853213,0
16.22590521,12.56853213,0
16.62660519,12.56853213,0
16.75804285,12.56853213,0
17.01787296,12.56853213,0
17.27379518,12.56853213,0
19.87259419,12.56853213,0
22.16880691,12.56853213,0
22.16880691,12.56853213,0
27.47245894,12.56853213,0
17.52598071,12.74189939,0
17.52598071,12.74189939,0
17.7745886,12.74189939,0
8.112952607,12.91293925,0
8.112952607,12.91293925,0
8.636897591,12.91293925,0
8.887294301,12.91293925,0
8.887294301,12.91293925,0
9.368030743,12.91293925,0
10.26216351,12.91293925,0
10.26216351,12.91293925,0
10.47377678,12.91293925,0
10.68119843,12.91293925,0
11.08440346,12.91293925,0
11.47344761,12.91293925,0
11.47344761,12.91293925,0
11.47344761,12.91293925,0
11.84972574,12.91293925,0
11.84972574,12.91293925,0
12.03345337,12.91293925,0
12.21441771,12.91293925,0
12.21441771,12.91293925,0
12.56853213,12.91293925,0
12.56853213,12.91293925,0
12.56853213,12.91293925,0
12.56853213,12.91293925,0
12.56853213,12.91293925,0
12.74189939,12.91293925,0
12.91293925,12.91293925,0
12.91293925,12.91293925,0
12.91293925,12.91293925,0
13.081743,12.91293925,0
13.24839613,12.91293925,0
13.24839613,12.91293925,0
13.24839613,12.91293925,0
13.57556629,12.91293925,0
13.57556629,12.91293925,0
13.89503508,12.91293925,0
13.89503508,12.91293925,0
14.05204611,12.91293925,0
14.05204611,12.91293925,0
14.20732206,12.91293925,0
14.51289082,12.91293925,0
15.10549569,12.91293925,0
15.39324527,12.91293925,0
15.81505612,12.91293925,0
16.62660519,12.91293925,0
16.62660519,12.91293925,0
17.01787296,12.91293925,0
17.01787296,12.91293925,0
17.01787296,12.91293925,0
17.27379518,12.91293925,0
17.40034482,12.91293925,0
17.40034482,12.91293925,0
18.14111353,12.91293925,0
18.73606149,12.91293925,0
18.8527982,12.91293925,0
19.53857723,12.91293925,0
20.52432703,12.91293925,0
4.684015371,13.081743,0
7.552747844,13.081743,0
8.887294301,13.081743,0
8.887294301,13.081743,0
9.368030743,13.081743,0
9.59937498,13.081743,0
9.825273533,13.081743,0
9.825273533,13.081743,0
9.825273533,13.081743,0
10.26216351,13.081743,0
11.08440346,13.081743,0
11.47344761,13.081743,0
11.47344761,13.081743,0
11.84972574,13.081743,0
12.56853213,13.081743,0
12.56853213,13.081743,0
13.081743,13.081743,0
14.95954545,13.081743,0
14.95954545,13.081743,0
16.22590521,13.081743,0
17.01787296,13.081743,0
18.26165381,13.081743,0
7.552747844,13.24839613,0
8.112952607,13.24839613,0
8.112952607,13.24839613,0
8.379021423,13.24839613,0
8.379021423,13.24839613,0
9.368030743,13.24839613,0
9.368030743,13.24839613,0
9.368030743,13.24839613,0
9.368030743,13.24839613,0
9.368030743,13.24839613,0
9.825273533,13.24839613,0
9.825273533,13.24839613,0
10.04609377,13.24839613,0
10.26216351,13.24839613,0
10.26216351,13.24839613,0
11.08440346,13.24839613,0
11.08440346,13.24839613,0
11.47344761,13.24839613,0
11.47344761,13.24839613,0
11.47344761,13.24839613,0
11.47344761,13.24839613,0
11.84972574,13.24839613,0
11.84972574,13.24839613,0
11.84972574,13.24839613,0
12.03345337,13.24839613,0
12.21441771,13.24839613,0
12.21441771,13.24839613,0
12.21441771,13.24839613,0
12.21441771,13.24839613,0
12.39273981,13.24839613,0
12.56853213,13.24839613,0
12.56853213,13.24839613,0
12.56853213,13.24839613,0
12.56853213,13.24839613,0
12.56853213,13.24839613,0
12.56853213,13.24839613,0
12.56853213,13.24839613,0
12.56853213,13.24839613,0
12.56853213,13.24839613,0
12.91293925,13.24839613,0
13.081743,13.24839613,0
13.24839613,13.24839613,0
13.24839613,13.24839613,0
13.24839613,13.24839613,0
13.57556629,13.24839613,0
13.89503508,13.24839613,0
13.89503508,13.24839613,0
13.89503508,13.24839613,0
14.05204611,13.24839613,0
14.05204611,13.24839613,0
14.05204611,13.24839613,0
14.20732206,13.24839613,0
14.20732206,13.24839613,0
14.51289082,13.24839613,0
14.51289082,13.24839613,0
14.51289082,13.24839613,0
14.51289082,13.24839613,0
14.51289082,13.24839613,0
14.51289082,13.24839613,0
14.81215717,13.24839613,0
14.81215717,13.24839613,0
14.81215717,13.24839613,0
14.81215717,13.24839613,0
14.81215717,13.24839613,0
14.95954545,13.24839613,0
15.10549569,13.24839613,0
15.10549569,13.24839613,0
15.10549569,13.24839613,0
15.39324527,13.24839613,0
15.39324527,13.24839613,0
15.39324527,13.24839613,0
15.39324527,13.24839613,0
15.39324527,13.24839613,0
15.39324527,13.24839613,0
15.39324527,13.24839613,0
15.39324527,13.24839613,0
15.6757137,13.24839613,0
15.6757137,13.24839613,0
15.6757137,13.24839613,0
15.81505612,13.24839613,0
15.81505612,13.24839613,0
15.81505612,13.24839613,0
15.9531815,13.24839613,0
15.9531815,13.24839613,0
16.22590521,13.24839613,0
16.22590521,13.24839613,0
16.22590521,13.24839613,0
16.22590521,13.24839613,0
16.22590521,13.24839613,0
16.22590521,13.24839613,0
16.49412016,13.24839613,0
16.62660519,13.24839613,0
16.75804285,13.24839613,0
17.01787296,13.24839613,0
17.01787296,13.24839613,0
17.01787296,13.24839613,0
17.27379518,13.24839613,0
17.52598071,13.24839613,0
17.7745886,13.24839613,0
17.7745886,13.24839613,0
17.7745886,13.24839613,0
17.7745886,13.24839613,0
17.7745886,13.24839613,0
18.50037837,13.24839613,0
18.50037837,13.24839613,0
18.50037837,13.24839613,0
18.73606149,13.24839613,0
19.19874996,13.24839613,0
19.19874996,13.24839613,0
19.31269013,13.24839613,0
19.53857723,13.24839613,0
19.87259419,13.24839613,0
20.94755356,13.24839613,0
20.94755356,13.24839613,0
21.464855,13.24839613,0
21.464855,13.24839613,0
21.464855,13.24839613,0
22.56120564,13.24839613,0
6.284266067,13.57556629,0
8.112952607,13.57556629,0
8.379021423,13.57556629,0
8.636897591,13.57556629,0
8.887294301,13.57556629,0
8.887294301,13.57556629,0
9.368030743,13.57556629,0
9.368030743,13.57556629,0
10.04609377,13.57556629,0
10.26216351,13.57556629,0
10.68119843,13.57556629,0
10.68119843,13.57556629,0
10.68119843,13.57556629,0
10.68119843,13.57556629,0
10.68119843,13.57556629,0
10.68119843,13.57556629,0
11.08440346,13.57556629,0
11.08440346,13.57556629,0
11.08440346,13.57556629,0
11.47344761,13.57556629,0
11.84972574,13.57556629,0
11.84972574,13.57556629,0
11.84972574,13.57556629,0
11.84972574,13.57556629,0
11.84972574,13.57556629,0
12.21441771,13.57556629,0
12.56853213,13.57556629,0
12.56853213,13.57556629,0
12.56853213,13.57556629,0
12.56853213,13.57556629,0
12.56853213,13.57556629,0
12.56853213,13.57556629,0
12.56853213,13.57556629,0
12.56853213,13.57556629,0
12.91293925,13.57556629,0
13.24839613,13.57556629,0
13.24839613,13.57556629,0
13.57556629,13.57556629,0
13.57556629,13.57556629,0
13.57556629,13.57556629,0
13.57556629,13.57556629,0
13.89503508,13.57556629,0
13.89503508,13.57556629,0
13.89503508,13.57556629,0
13.89503508,13.57556629,0
14.05204611,13.57556629,0
14.20732206,13.57556629,0
14.20732206,13.57556629,0
14.20732206,13.57556629,0
14.51289082,13.57556629,0
14.51289082,13.57556629,0
14.51289082,13.57556629,0
14.81215717,13.57556629,0
14.81215717,13.57556629,0
14.81215717,13.57556629,0
14.81215717,13.57556629,0
14.81215717,13.57556629,0
14.81215717,13.57556629,0
14.81215717,13.57556629,0
14.81215717,13.57556629,0
14.95954545,13.57556629,0
14.95954545,13.57556629,0
14.95954545,13.57556629,0
15.39324527,13.57556629,0
15.39324527,13.57556629,0
15.39324527,13.57556629,0
15.6757137,13.57556629,0
15.9531815,13.57556629,0
16.22590521,13.57556629,0
16.22590521,13.57556629,0
16.22590521,13.57556629,0
16.49412016,13.57556629,0
17.01787296,13.57556629,0
17.01787296,13.57556629,0
17.01787296,13.57556629,0
17.01787296,13.57556629,0
17.01787296,13.57556629,0
17.27379518,13.57556629,0
17.27379518,13.57556629,0
17.40034482,13.57556629,0
17.40034482,13.57556629,0
17.7745886,13.57556629,0
17.7745886,13.57556629,0
18.14111353,13.57556629,0
18.14111353,13.57556629,0
18.14111353,13.57556629,0
18.50037837,13.57556629,0
18.50037837,13.57556629,0
18.50037837,13.57556629,0
19.19874996,13.57556629,0
19.53857723,13.57556629,0
19.87259419,13.57556629,0
20.52432703,13.57556629,0
21.36239687,13.57556629,0
22.36586685,13.57556629,0
23.32620844,13.57556629,0
23.79184734,13.57556629,0
23.79184734,13.57556629,0
33.64675319,13.57556629,0
19.87259419,13.73622947,0
21.15599206,13.73622947,0
22.65824353,13.73622947,0
5.542201729,13.89503508,0
7.83785685,13.89503508,0
7.83785685,13.89503508,0
8.379021423,13.89503508,0
8.887294301,13.89503508,0
8.887294301,13.89503508,0
8.887294301,13.89503508,0
9.130826907,13.89503508,0
9.130826907,13.89503508,0
9.59937498,13.89503508,0
9.825273533,13.89503508,0
10.26216351,13.89503508,0
10.26216351,13.89503508,0
10.47377678,13.89503508,0
10.47377678,13.89503508,0
10.68119843,13.89503508,0
10.68119843,13.89503508,0
10.88466812,13.89503508,0
10.88466812,13.89503508,0
11.47344761,13.89503508,0
11.47344761,13.89503508,0
11.47344761,13.89503508,0
11.47344761,13.89503508,0
11.84972574,13.89503508,0
12.21441771,13.89503508,0
12.21441771,13.89503508,0
12.21441771,13.89503508,0
12.21441771,13.89503508,0
12.21441771,13.89503508,0
12.56853213,13.89503508,0
12.56853213,13.89503508,0
12.56853213,13.89503508,0
12.56853213,13.89503508,0
12.91293925,13.89503508,0
12.91293925,13.89503508,0
12.91293925,13.89503508,0
13.081743,13.89503508,0
13.081743,13.89503508,0
13.24839613,13.89503508,0
13.24839613,13.89503508,0
13.24839613,13.89503508,0
13.24839613,13.89503508,0
13.24839613,13.89503508,0
13.24839613,13.89503508,0
13.57556629,13.89503508,0
13.57556629,13.89503508,0
13.89503508,13.89503508,0
13.89503508,13.89503508,0
13.89503508,13.89503508,0
13.89503508,13.89503508,0
13.89503508,13.89503508,0
13.89503508,13.89503508,0
13.89503508,13.89503508,0
13.89503508,13.89503508,0
14.20732206,13.89503508,0
14.20732206,13.89503508,0
14.20732206,13.89503508,0
14.20732206,13.89503508,0
14.51289082,13.89503508,0
14.51289082,13.89503508,0
14.51289082,13.89503508,0
14.51289082,13.89503508,0
14.51289082,13.89503508,0
14.51289082,13.89503508,0
14.51289082,13.89503508,0
14.81215717,13.89503508,0
14.81215717,13.89503508,0
14.81215717,13.89503508,0
14.95954545,13.89503508,0
15.10549569,13.89503508,0
15.39324527,13.89503508,0
15.39324527,13.89503508,0
15.39324527,13.89503508,0
15.39324527,13.89503508,0
15.39324527,13.89503508,0
15.6757137,13.89503508,0
15.6757137,13.89503508,0
15.6757137,13.89503508,0
15.81505612,13.89503508,0
15.81505612,13.89503508,0
15.81505612,13.89503508,0
15.9531815,13.89503508,0
16.22590521,13.89503508,0
16.22590521,13.89503508,0
16.22590521,13.89503508,0
16.22590521,13.89503508,0
16.22590521,13.89503508,0
16.22590521,13.89503508,0
16.22590521,13.89503508,0
16.22590521,13.89503508,0
16.22590521,13.89503508,0
16.49412016,13.89503508,0
16.62660519,13.89503508,0
16.75804285,13.89503508,0
17.01787296,13.89503508,0
17.40034482,13.89503508,0
17.40034482,13.89503508,0
17.40034482,13.89503508,0
17.40034482,13.89503508,0
17.52598071,13.89503508,0
18.01976692,13.89503508,0
18.01976692,13.89503508,0
18.26165381,13.89503508,0
18.50037837,13.89503508,0
18.50037837,13.89503508,0
18.50037837,13.89503508,0
18.50037837,13.89503508,0
18.50037837,13.89503508,0
19.19874996,13.89503508,0
19.19874996,13.89503508,0
19.19874996,13.89503508,0
19.42596201,13.89503508,0
19.53857723,13.89503508,0
19.87259419,13.89503508,0
19.87259419,13.89503508,0
20.84255263,13.89503508,0
22.06961712,13.89503508,0
22.65824353,13.89503508,0
7.256445411,14.05204611,0
7.83785685,14.05204611,0
8.112952607,14.05204611,0
9.825273533,14.05204611,0
10.26216351,14.05204611,0
10.26216351,14.05204611,0
10.26216351,14.05204611,0
10.26216351,14.05204611,0
10.26216351,14.05204611,0
10.68119843,14.05204611,0
10.68119843,14.05204611,0
11.08440346,14.05204611,0
11.08440346,14.05204611,0
11.47344761,14.05204611,0
11.84972574,14.05204611,0
11.84972574,14.05204611,0
12.21441771,14.05204611,0
12.21441771,14.05204611,0
12.56853213,14.05204611,0
13.081743,14.05204611,0
13.24839613,14.05204611,0
13.57556629,14.05204611,0
13.57556629,14.05204611,0
13.89503508,14.05204611,0
13.89503508,14.05204611,0
14.51289082,14.05204611,0
14.51289082,14.05204611,0
14.51289082,14.05204611,0
14.81215717,14.05204611,0
14.95954545,14.05204611,0
15.10549569,14.05204611,0
16.22590521,14.05204611,0
16.22590521,14.05204611,0
18.14111353,14.05204611,0
18.14111353,14.05204611,0
18.8527982,14.05204611,0
19.19874996,14.05204611,0
27.15113257,14.05204611,0
6.624198065,14.20732206,0
6.624198065,14.20732206,0
8.636897591,14.20732206,0
9.825273533,14.20732206,0
10.47377678,14.20732206,0
10.68119843,14.20732206,0
10.88466812,14.20732206,0
11.28060282,14.20732206,0
11.47344761,14.20732206,0
11.47344761,14.20732206,0
11.47344761,14.20732206,0
11.84972574,14.20732206,0
12.21441771,14.20732206,0
12.56853213,14.20732206,0
12.56853213,14.20732206,0
12.56853213,14.20732206,0
12.56853213,14.20732206,0
12.56853213,14.20732206,0
12.91293925,14.20732206,0
12.91293925,14.20732206,0
13.24839613,14.20732206,0
13.24839613,14.20732206,0
13.24839613,14.20732206,0
13.57556629,14.20732206,0
13.57556629,14.20732206,0
13.89503508,14.20732206,0
13.89503508,14.20732206,0
13.89503508,14.20732206,0
13.89503508,14.20732206,0
13.89503508,14.20732206,0
13.89503508,14.20732206,0
13.89503508,14.20732206,0
13.89503508,14.20732206,0
14.20732206,14.20732206,0
14.20732206,14.20732206,0
14.20732206,14.20732206,0
14.20732206,14.20732206,0
14.51289082,14.20732206,0
14.51289082,14.20732206,0
14.51289082,14.20732206,0
14.51289082,14.20732206,0
14.51289082,14.20732206,0
14.81215717,14.20732206,0
14.81215717,14.20732206,0
15.10549569,14.20732206,0
15.10549569,14.20732206,0
15.39324527,14.20732206,0
15.39324527,14.20732206,0
15.39324527,14.20732206,0
15.39324527,14.20732206,0
15.6757137,14.20732206,0
15.6757137,14.20732206,0
15.81505612,14.20732206,0
16.22590521,14.20732206,0
16.22590521,14.20732206,0
16.62660519,14.20732206,0
17.01787296,14.20732206,0
17.01787296,14.20732206,0
17.01787296,14.20732206,0
17.01787296,14.20732206,0
17.27379518,14.20732206,0
17.40034482,14.20732206,0
18.14111353,14.20732206,0
18.14111353,14.20732206,0
18.14111353,14.20732206,0
18.50037837,14.20732206,0
18.8527982,14.20732206,0
19.65054707,14.20732206,0
19.65054707,14.20732206,0
20.20108908,14.20732206,0
20.84255263,14.20732206,0
20.94755356,14.20732206,0
21.76933623,14.20732206,0
23.23196074,14.20732206,0
25.65540879,14.20732206,0
26.49679226,14.20732206,0
4.189510711,14.51289082,0
5.542201729,14.51289082,0
6.947517542,14.51289082,0
7.256445411,14.51289082,0
8.887294301,14.51289082,0
9.130826907,14.51289082,0
9.368030743,14.51289082,0
9.368030743,14.51289082,0
9.368030743,14.51289082,0
9.368030743,14.51289082,0
9.59937498,14.51289082,0
9.825273533,14.51289082,0
10.04609377,14.51289082,0
10.26216351,14.51289082,0
10.26216351,14.51289082,0
10.26216351,14.51289082,0
10.88466812,14.51289082,0
11.08440346,14.51289082,0
11.08440346,14.51289082,0
11.08440346,14.51289082,0
11.08440346,14.51289082,0
11.08440346,14.51289082,0
11.47344761,14.51289082,0
11.47344761,14.51289082,0
11.47344761,14.51289082,0
11.47344761,14.51289082,0
11.47344761,14.51289082,0
11.47344761,14.51289082,0
11.47344761,14.51289082,0
11.84972574,14.51289082,0
11.84972574,14.51289082,0
11.84972574,14.51289082,0
11.84972574,14.51289082,0
11.84972574,14.51289082,0
12.03345337,14.51289082,0
12.03345337,14.51289082,0
12.21441771,14.51289082,0
12.21441771,14.51289082,0
12.21441771,14.51289082,0
12.21441771,14.51289082,0
12.21441771,14.51289082,0
12.21441771,14.51289082,0
12.56853213,14.51289082,0
12.56853213,14.51289082,0
12.56853213,14.51289082,0
12.56853213,14.51289082,0
12.56853213,14.51289082,0
12.56853213,14.51289082,0
12.56853213,14.51289082,0
12.56853213,14.51289082,0
12.91293925,14.51289082,0
13.24839613,14.51289082,0
13.24839613,14.51289082,0
13.24839613,14.51289082,0
13.24839613,14.51289082,0
13.24839613,14.51289082,0
13.57556629,14.51289082,0
13.57556629,14.51289082,0
13.57556629,14.51289082,0
13.57556629,14.51289082,0
13.89503508,14.51289082,0
13.89503508,14.51289082,0
13.89503508,14.51289082,0
13.89503508,14.51289082,0
13.89503508,14.51289082,0
13.89503508,14.51289082,0
13.89503508,14.51289082,0
13.89503508,14.51289082,0
14.05204611,14.51289082,0
14.05204611,14.51289082,0
14.05204611,14.51289082,0
14.20732206,14.51289082,0
14.20732206,14.51289082,0
14.51289082,14.51289082,0
14.51289082,14.51289082,0
14.51289082,14.51289082,0
14.51289082,14.51289082,0
14.51289082,14.51289082,0
14.51289082,14.51289082,0
14.51289082,14.51289082,0
14.95954545,14.51289082,0
14.95954545,14.51289082,0
14.95954545,14.51289082,0
14.95954545,14.51289082,0
15.10549569,14.51289082,0
15.10549569,14.51289082,0
15.39324527,14.51289082,0
15.39324527,14.51289082,0
15.39324527,14.51289082,0
15.39324527,14.51289082,0
15.39324527,14.51289082,0
15.39324527,14.51289082,0
15.39324527,14.51289082,0
15.39324527,14.51289082,0
15.39324527,14.51289082,0
15.39324527,14.51289082,0
15.39324527,14.51289082,0
15.6757137,14.51289082,0
15.6757137,14.51289082,0
15.81505612,14.51289082,0
16.22590521,14.51289082,0
16.22590521,14.51289082,0
16.22590521,14.51289082,0
16.22590521,14.51289082,0
16.22590521,14.51289082,0
16.22590521,14.51289082,0
16.49412016,14.51289082,0
16.62660519,14.51289082,0
16.62660519,14.51289082,0
16.75804285,14.51289082,0
16.75804285,14.51289082,0
16.75804285,14.51289082,0
17.01787296,14.51289082,0
17.01787296,14.51289082,0
17.01787296,14.51289082,0
17.01787296,14.51289082,0
17.01787296,14.51289082,0
17.40034482,14.51289082,0
17.40034482,14.51289082,0
17.52598071,14.51289082,0
17.7745886,14.51289082,0
17.7745886,14.51289082,0
17.7745886,14.51289082,0
17.7745886,14.51289082,0
17.7745886,14.51289082,0
18.01976692,14.51289082,0
18.14111353,14.51289082,0
18.14111353,14.51289082,0
18.26165381,14.51289082,0
18.50037837,14.51289082,0
18.8527982,14.51289082,0
18.8527982,14.51289082,0
19.19874996,14.51289082,0
19.19874996,14.51289082,0
19.19874996,14.51289082,0
19.53857723,14.51289082,0
20.09218754,14.51289082,0
20.52432703,14.51289082,0
20.52432703,14.51289082,0
20.84255263,14.51289082,0
20.94755356,14.51289082,0
20.94755356,14.51289082,0
21.15599206,14.51289082,0
21.15599206,14.51289082,0
21.36239687,14.51289082,0
21.76933623,14.51289082,0
22.16880691,14.51289082,0
22.94689521,14.51289082,0
23.51357055,14.51289082,0
25.65540879,14.51289082,0
18.38140365,14.66328749,0
7.83785685,14.81215717,0
8.112952607,14.81215717,0
8.112952607,14.81215717,0
8.379021423,14.81215717,0
9.368030743,14.81215717,0
9.368030743,14.81215717,0
10.04609377,14.81215717,0
10.26216351,14.81215717,0
10.26216351,14.81215717,0
10.47377678,14.81215717,0
10.47377678,14.81215717,0
10.68119843,14.81215717,0
11.47344761,14.81215717,0
11.47344761,14.81215717,0
11.66310422,14.81215717,0
11.66310422,14.81215717,0
11.84972574,14.81215717,0
11.84972574,14.81215717,0
12.21441771,14.81215717,0
12.21441771,14.81215717,0
12.56853213,14.81215717,0
12.56853213,14.81215717,0
12.56853213,14.81215717,0
12.56853213,14.81215717,0
12.56853213,14.81215717,0
12.91293925,14.81215717,0
12.91293925,14.81215717,0
13.24839613,14.81215717,0
13.24839613,14.81215717,0
13.24839613,14.81215717,0
13.24839613,14.81215717,0
13.24839613,14.81215717,0
13.24839613,14.81215717,0
13.24839613,14.81215717,0
13.57556629,14.81215717,0
13.57556629,14.81215717,0
13.57556629,14.81215717,0
13.89503508,14.81215717,0
13.89503508,14.81215717,0
13.89503508,14.81215717,0
13.89503508,14.81215717,0
13.89503508,14.81215717,0
13.89503508,14.81215717,0
13.89503508,14.81215717,0
13.89503508,14.81215717,0
14.20732206,14.81215717,0
14.51289082,14.81215717,0
14.51289082,14.81215717,0
14.81215717,14.81215717,0
14.81215717,14.81215717,0
14.81215717,14.81215717,0
14.81215717,14.81215717,0
14.81215717,14.81215717,0
14.81215717,14.81215717,0
14.81215717,14.81215717,0
14.81215717,14.81215717,0
14.81215717,14.81215717,0
14.81215717,14.81215717,0
14.81215717,14.81215717,0
14.81215717,14.81215717,0
14.95954545,14.81215717,0
15.10549569,14.81215717,0
15.39324527,14.81215717,0
15.39324527,14.81215717,0
15.39324527,14.81215717,0
15.39324527,14.81215717,0
15.39324527,14.81215717,0
15.39324527,14.81215717,0
15.6757137,14.81215717,0
15.6757137,14.81215717,0
16.22590521,14.81215717,0
16.22590521,14.81215717,0
16.22590521,14.81215717,0
16.49412016,14.81215717,0
16.75804285,14.81215717,0
16.75804285,14.81215717,0
16.75804285,14.81215717,0
16.75804285,14.81215717,0
16.75804285,14.81215717,0
16.75804285,14.81215717,0
17.01787296,14.81215717,0
17.01787296,14.81215717,0
17.01787296,14.81215717,0
17.27379518,14.81215717,0
17.40034482,14.81215717,0
17.52598071,14.81215717,0
18.14111353,14.81215717,0
18.14111353,14.81215717,0
18.50037837,14.81215717,0
18.50037837,14.81215717,0
18.50037837,14.81215717,0
18.8527982,14.81215717,0
18.8527982,14.81215717,0
18.8527982,14.81215717,0
19.19874996,14.81215717,0
19.19874996,14.81215717,0
19.53857723,14.81215717,0
19.53857723,14.81215717,0
19.87259419,14.81215717,0
20.20108908,14.81215717,0
20.52432703,14.81215717,0
20.84255263,14.81215717,0
20.94755356,14.81215717,0
23.32620844,14.81215717,0
26.49679226,14.81215717,0
27.15113257,14.81215717,0
6.624198065,14.95954545,0
7.83785685,14.95954545,0
8.379021423,14.95954545,0
9.368030743,14.95954545,0
9.59937498,14.95954545,0
9.825273533,14.95954545,0
10.26216351,14.95954545,0
10.26216351,14.95954545,0
10.26216351,14.95954545,0
10.26216351,14.95954545,0
10.68119843,14.95954545,0
10.68119843,14.95954545,0
11.08440346,14.95954545,0
11.08440346,14.95954545,0
11.47344761,14.95954545,0
11.47344761,14.95954545,0
11.47344761,14.95954545,0
11.47344761,14.95954545,0
11.84972574,14.95954545,0
11.84972574,14.95954545,0
12.03345337,14.95954545,0
12.03345337,14.95954545,0
12.21441771,14.95954545,0
12.21441771,14.95954545,0
12.21441771,14.95954545,0
12.21441771,14.95954545,0
12.21441771,14.95954545,0
12.56853213,14.95954545,0
12.56853213,14.95954545,0
13.081743,14.95954545,0
13.89503508,14.95954545,0
14.05204611,14.95954545,0
14.05204611,14.95954545,0
14.51289082,14.95954545,0
14.81215717,14.95954545,0
14.81215717,14.95954545,0
14.95954545,14.95954545,0
14.95954545,14.95954545,0
15.39324527,14.95954545,0
15.81505612,14.95954545,0
15.81505612,14.95954545,0
15.9531815,14.95954545,0
16.22590521,14.95954545,0
17.01787296,14.95954545,0
17.01787296,14.95954545,0
17.01787296,14.95954545,0
18.14111353,14.95954545,0
18.73606149,14.95954545,0
19.31269013,14.95954545,0
19.65054707,14.95954545,0
21.464855,14.95954545,0
24.33885782,14.95954545,0
5.924862868,15.10549569,0
8.112952607,15.10549569,0
8.887294301,15.10549569,0
9.368030743,15.10549569,0
10.26216351,15.10549569,0
11.28060282,15.10549569,0
11.47344761,15.10549569,0
11.84972574,15.10549569,0
12.39273981,15.10549569,0
12.56853213,15.10549569,0
12.56853213,15.10549569,0
13.24839613,15.10549569,0
13.24839613,15.10549569,0
13.24839613,15.10549569,0
13.24839613,15.10549569,0
13.57556629,15.10549569,0
13.57556629,15.10549569,0
13.89503508,15.10549569,0
13.89503508,15.10549569,0
14.20732206,15.10549569,0
14.20732206,15.10549569,0
14.20732206,15.10549569,0
14.51289082,15.10549569,0
14.51289082,15.10549569,0
14.51289082,15.10549569,0
14.51289082,15.10549569,0
14.81215717,15.10549569,0
14.81215717,15.10549569,0
14.81215717,15.10549569,0
14.81215717,15.10549569,0
15.10549569,15.10549569,0
15.10549569,15.10549569,0
15.10549569,15.10549569,0
15.39324527,15.10549569,0
15.39324527,15.10549569,0
15.6757137,15.10549569,0
15.6757137,15.10549569,0
15.81505612,15.10549569,0
15.9531815,15.10549569,0
15.9531815,15.10549569,0
15.9531815,15.10549569,0
16.22590521,15.10549569,0
16.22590521,15.10549569,0
16.49412016,15.10549569,0
16.49412016,15.10549569,0
16.62660519,15.10549569,0
16.75804285,15.10549569,0
17.01787296,15.10549569,0
17.01787296,15.10549569,0
17.01787296,15.10549569,0
17.01787296,15.10549569,0
17.40034482,15.10549569,0
17.40034482,15.10549569,0
17.40034482,15.10549569,0
17.7745886,15.10549569,0
17.7745886,15.10549569,0
18.01976692,15.10549569,0
18.26165381,15.10549569,0
18.50037837,15.10549569,0
18.50037837,15.10549569,0
18.73606149,15.10549569,0
18.8527982,15.10549569,0
18.8527982,15.10549569,0
18.8527982,15.10549569,0
19.19874996,15.10549569,0
19.87259419,15.10549569,0
20.52432703,15.10549569,0
20.52432703,15.10549569,0
21.464855,15.10549569,0
21.76933623,15.10549569,0
22.06961712,15.10549569,0
22.06961712,15.10549569,0
22.16880691,15.10549569,0
24.06690674,15.10549569,0
24.42883542,15.10549569,0
26.16348601,15.10549569,0
7.552747844,15.39324527,0
7.83785685,15.39324527,0
8.112952607,15.39324527,0
8.112952607,15.39324527,0
8.112952607,15.39324527,0
8.379021423,15.39324527,0
8.887294301,15.39324527,0
9.130826907,15.39324527,0
9.368030743,15.39324527,0
9.368030743,15.39324527,0
9.368030743,15.39324527,0
9.368030743,15.39324527,0
9.825273533,15.39324527,0
10.26216351,15.39324527,0
10.26216351,15.39324527,0
10.26216351,15.39324527,0
10.26216351,15.39324527,0
11.47344761,15.39324527,0
11.47344761,15.39324527,0
11.47344761,15.39324527,0
11.47344761,15.39324527,0
11.66310422,15.39324527,0
11.84972574,15.39324527,0
11.84972574,15.39324527,0
11.84972574,15.39324527,0
11.84972574,15.39324527,0
11.84972574,15.39324527,0
11.84972574,15.39324527,0
11.84972574,15.39324527,0
11.84972574,15.39324527,0
11.84972574,15.39324527,0
12.03345337,15.39324527,0
12.21441771,15.39324527,0
12.21441771,15.39324527,0
12.21441771,15.39324527,0
12.21441771,15.39324527,0
12.21441771,15.39324527,0
12.21441771,15.39324527,0
12.56853213,15.39324527,0
12.56853213,15.39324527,0
12.56853213,15.39324527,0
12.56853213,15.39324527,0
12.56853213,15.39324527,0
12.56853213,15.39324527,0
12.56853213,15.39324527,0
12.56853213,15.39324527,0
12.91293925,15.39324527,0
12.91293925,15.39324527,0
13.081743,15.39324527,0
13.24839613,15.39324527,0
13.24839613,15.39324527,0
13.24839613,15.39324527,0
13.24839613,15.39324527,0
13.24839613,15.39324527,0
13.24839613,15.39324527,0
13.57556629,15.39324527,0
13.57556629,15.39324527,0
13.57556629,15.39324527,0
13.57556629,15.39324527,0
13.89503508,15.39324527,0
13.89503508,15.39324527,0
13.89503508,15.39324527,0
13.89503508,15.39324527,0
14.05204611,15.39324527,0
14.05204611,15.39324527,0
14.20732206,15.39324527,0
14.20732206,15.39324527,0
14.20732206,15.39324527,0
14.20732206,15.39324527,0
14.51289082,15.39324527,0
14.51289082,15.39324527,0
14.51289082,15.39324527,0
14.51289082,15.39324527,0
14.51289082,15.39324527,0
14.51289082,15.39324527,0
14.51289082,15.39324527,0
14.51289082,15.39324527,0
14.51289082,15.39324527,0
14.51289082,15.39324527,0
14.51289082,15.39324527,0
14.81215717,15.39324527,0
14.81215717,15.39324527,0
14.81215717,15.39324527,0
14.81215717,15.39324527,0
14.81215717,15.39324527,0
14.95954545,15.39324527,0
15.10549569,15.39324527,0
15.10549569,15.39324527,0
15.10549569,15.39324527,0
15.10549569,15.39324527,0
15.39324527,15.39324527,0
15.39324527,15.39324527,0
15.39324527,15.39324527,0
15.39324527,15.39324527,0
15.39324527,15.39324527,0
15.39324527,15.39324527,0
15.39324527,15.39324527,0
15.39324527,15.39324527,0
15.39324527,15.39324527,0
15.5351215,15.39324527,0
15.6757137,15.39324527,0
15.6757137,15.39324527,0
15.6757137,15.39324527,0
15.6757137,15.39324527,0
15.6757137,15.39324527,0
15.6757137,15.39324527,0
15.81505612,15.39324527,0
15.81505612,15.39324527,0
15.81505612,15.39324527,0
15.9531815,15.39324527,0
15.9531815,15.39324527,0
16.22590521,15.39324527,0
16.22590521,15.39324527,0
16.22590521,15.39324527,0
16.22590521,15.39324527,0
16.22590521,15.39324527,0
16.22590521,15.39324527,0
16.22590521,15.39324527,0
16.22590521,15.39324527,0
16.22590521,15.39324527,0
16.49412016,15.39324527,0
16.49412016,15.39324527,0
16.62660519,15.39324527,0
16.75804285,15.39324527,0
16.75804285,15.39324527,0
16.75804285,15.39324527,0
16.75804285,15.39324527,0
16.75804285,15.39324527,0
17.01787296,15.39324527,0
17.01787296,15.39324527,0
17.01787296,15.39324527,0
17.27379518,15.39324527,0
17.27379518,15.39324527,0
17.40034482,15.39324527,0
17.40034482,15.39324527,0
17.40034482,15.39324527,0
17.40034482,15.39324527,0
17.40034482,15.39324527,0
17.40034482,15.39324527,0
17.52598071,15.39324527,0
17.7745886,15.39324527,0
17.7745886,15.39324527,0
17.7745886,15.39324527,0
17.7745886,15.39324527,0
17.7745886,15.39324527,0
18.14111353,15.39324527,0
18.14111353,15.39324527,0
18.14111353,15.39324527,0
18.50037837,15.39324527,0
18.50037837,15.39324527,0
18.8527982,15.39324527,0
18.8527982,15.39324527,0
19.19874996,15.39324527,0
19.19874996,15.39324527,0
19.19874996,15.39324527,0
19.19874996,15.39324527,0
19.19874996,15.39324527,0
19.42596201,15.39324527,0
19.87259419,15.39324527,0
19.87259419,15.39324527,0
20.52432703,15.39324527,0
21.15599206,15.39324527,0
21.15599206,15.39324527,0
21.464855,15.39324527,0
24.33885782,15.39324527,0
24.42883542,15.39324527,0
26.49679226,15.39324527,0
14.51289082,15.5351215,0
17.52598071,15.5351215,0
30.35588905,15.5351215,0
8.379021423,15.6757137,0
9.368030743,15.6757137,0
9.825273533,15.6757137,0
9.825273533,15.6757137,0
10.26216351,15.6757137,0
10.47377678,15.6757137,0
10.68119843,15.6757137,0
10.88466812,15.6757137,0
11.08440346,15.6757137,0
12.21441771,15.6757137,0
12.21441771,15.6757137,0
12.56853213,15.6757137,0
12.56853213,15.6757137,0
12.56853213,15.6757137,0
12.56853213,15.6757137,0
12.91293925,15.6757137,0
13.57556629,15.6757137,0
13.57556629,15.6757137,0
13.89503508,15.6757137,0
13.89503508,15.6757137,0
14.20732206,15.6757137,0
14.51289082,15.6757137,0
14.51289082,15.6757137,0
14.51289082,15.6757137,0
14.81215717,15.6757137,0
14.81215717,15.6757137,0
15.10549569,15.6757137,0
15.10549569,15.6757137,0
15.10549569,15.6757137,0
15.39324527,15.6757137,0
15.39324527,15.6757137,0
15.39324527,15.6757137,0
15.6757137,15.6757137,0
15.6757137,15.6757137,0
15.9531815,15.6757137,0
15.9531815,15.6757137,0
15.9531815,15.6757137,0
16.22590521,15.6757137,0
16.22590521,15.6757137,0
16.22590521,15.6757137,0
16.22590521,15.6757137,0
16.22590521,15.6757137,0
16.22590521,15.6757137,0
16.22590521,15.6757137,0
16.49412016,15.6757137,0
16.62660519,15.6757137,0
16.62660519,15.6757137,0
16.75804285,15.6757137,0
16.75804285,15.6757137,0
17.01787296,15.6757137,0
17.01787296,15.6757137,0
17.01787296,15.6757137,0
17.01787296,15.6757137,0
17.27379518,15.6757137,0
17.27379518,15.6757137,0
17.27379518,15.6757137,0
17.40034482,15.6757137,0
17.40034482,15.6757137,0
17.40034482,15.6757137,0
17.52598071,15.6757137,0
17.7745886,15.6757137,0
17.7745886,15.6757137,0
17.7745886,15.6757137,0
17.7745886,15.6757137,0
18.01976692,15.6757137,0
18.14111353,15.6757137,0
18.14111353,15.6757137,0
18.14111353,15.6757137,0
18.26165381,15.6757137,0
18.50037837,15.6757137,0
18.50037837,15.6757137,0
18.73606149,15.6757137,0
18.8527982,15.6757137,0
19.19874996,15.6757137,0
19.19874996,15.6757137,0
19.53857723,15.6757137,0
19.87259419,15.6757137,0
19.87259419,15.6757137,0
20.20108908,15.6757137,0
21.464855,15.6757137,0
21.464855,15.6757137,0
21.56682638,15.6757137,0
22.06961712,15.6757137,0
22.16880691,15.6757137,0
22.16880691,15.6757137,0
22.16880691,15.6757137,0
22.36586685,15.6757137,0
22.94689521,15.6757137,0
22.94689521,15.6757137,0
23.51357055,15.6757137,0
23.88388578,15.6757137,0
24.78547962,15.6757137,0
6.284266067,15.81505612,0
8.112952607,15.81505612,0
8.379021423,15.81505612,0
10.26216351,15.81505612,0
10.68119843,15.81505612,0
11.47344761,15.81505612,0
11.47344761,15.81505612,0
12.03345337,15.81505612,0
12.21441771,15.81505612,0
12.21441771,15.81505612,0
12.56853213,15.81505612,0
12.56853213,15.81505612,0
12.91293925,15.81505612,0
13.24839613,15.81505612,0
13.24839613,15.81505612,0
13.57556629,15.81505612,0
13.57556629,15.81505612,0
13.89503508,15.81505612,0
13.89503508,15.81505612,0
14.20732206,15.81505612,0
14.51289082,15.81505612,0
14.51289082,15.81505612,0
14.51289082,15.81505612,0
14.95954545,15.81505612,0
15.39324527,15.81505612,0
15.39324527,15.81505612,0
15.39324527,15.81505612,0
15.39324527,15.81505612,0
15.39324527,15.81505612,0
15.81505612,15.81505612,0
15.81505612,15.81505612,0
15.81505612,15.81505612,0
16.22590521,15.81505612,0
16.22590521,15.81505612,0
16.49412016,15.81505612,0
17.01787296,15.81505612,0
17.40034482,15.81505612,0
18.8527982,15.81505612,0
20.52432703,15.81505612,0
20.52432703,15.81505612,0
21.464855,15.81505612,0
9.368030743,15.9531815,0
10.26216351,15.9531815,0
10.26216351,15.9531815,0
10.88466812,15.9531815,0
11.08440346,15.9531815,0
11.28060282,15.9531815,0
11.84972574,15.9531815,0
12.39273981,15.9531815,0
12.56853213,15.9531815,0
13.24839613,15.9531815,0
13.24839613,15.9531815,0
13.24839613,15.9531815,0
13.89503508,15.9531815,0
14.51289082,15.9531815,0
14.81215717,15.9531815,0
15.10549569,15.9531815,0
15.39324527,15.9531815,0
15.39324527,15.9531815,0
15.81505612,15.9531815,0
16.22590521,15.9531815,0
16.22590521,15.9531815,0
16.75804285,15.9531815,0
17.27379518,15.9531815,0
17.52598071,15.9531815,0
17.7745886,15.9531815,0
17.7745886,15.9531815,0
18.14111353,15.9531815,0
18.14111353,15.9531815,0
18.14111353,15.9531815,0
18.26165381,15.9531815,0
19.19874996,15.9531815,0
19.19874996,15.9531815,0
19.19874996,15.9531815,0
19.42596201,15.9531815,0
19.87259419,15.9531815,0
20.52432703,15.9531815,0
21.15599206,15.9531815,0
21.76933623,15.9531815,0
21.96997952,15.9531815,0
22.06961712,15.9531815,0
22.06961712,15.9531815,0
23.32620844,15.9531815,0
23.51357055,15.9531815,0
23.69945147,15.9531815,0
3.628222705,16.22590521,0
7.552747844,16.22590521,0
8.379021423,16.22590521,0
8.636897591,16.22590521,0
8.887294301,16.22590521,0
8.887294301,16.22590521,0
8.887294301,16.22590521,0
9.368030743,16.22590521,0
9.59937498,16.22590521,0
9.825273533,16.22590521,0
10.04609377,16.22590521,0
10.04609377,16.22590521,0
10.26216351,16.22590521,0
10.68119843,16.22590521,0
10.68119843,16.22590521,0
11.08440346,16.22590521,0
11.08440346,16.22590521,0
11.47344761,16.22590521,0
11.47344761,16.22590521,0
11.47344761,16.22590521,0
11.84972574,16.22590521,0
11.84972574,16.22590521,0
11.84972574,16.22590521,0
11.84972574,16.22590521,0
12.21441771,16.22590521,0
12.21441771,16.22590521,0
12.21441771,16.22590521,0
12.21441771,16.22590521,0
12.56853213,16.22590521,0
12.56853213,16.22590521,0
12.56853213,16.22590521,0
12.56853213,16.22590521,0
12.56853213,16.22590521,0
12.56853213,16.22590521,0
12.91293925,16.22590521,0
12.91293925,16.22590521,0
12.91293925,16.22590521,0
13.081743,16.22590521,0
13.24839613,16.22590521,0
13.24839613,16.22590521,0
13.24839613,16.22590521,0
13.24839613,16.22590521,0
13.24839613,16.22590521,0
13.24839613,16.22590521,0
13.24839613,16.22590521,0
13.24839613,16.22590521,0
13.24839613,16.22590521,0
13.24839613,16.22590521,0
13.57556629,16.22590521,0
13.57556629,16.22590521,0
13.89503508,16.22590521,0
13.89503508,16.22590521,0
13.89503508,16.22590521,0
13.89503508,16.22590521,0
13.89503508,16.22590521,0
13.89503508,16.22590521,0
13.89503508,16.22590521,0
13.89503508,16.22590521,0
14.05204611,16.22590521,0
14.05204611,16.22590521,0
14.05204611,16.22590521,0
14.05204611,16.22590521,0
14.20732206,16.22590521,0
14.20732206,16.22590521,0
14.20732206,16.22590521,0
14.20732206,16.22590521,0
14.20732206,16.22590521,0
14.51289082,16.22590521,0
14.51289082,16.22590521,0
14.51289082,16.22590521,0
14.51289082,16.22590521,0
14.51289082,16.22590521,0
14.81215717,16.22590521,0
14.81215717,16.22590521,0
14.81215717,16.22590521,0
14.81215717,16.22590521,0
14.95954545,16.22590521,0
14.95954545,16.22590521,0
15.10549569,16.22590521,0
15.10549569,16.22590521,0
15.10549569,16.22590521,0
15.10549569,16.22590521,0
15.39324527,16.22590521,0
15.39324527,16.22590521,0
15.39324527,16.22590521,0
15.39324527,16.22590521,0
15.39324527,16.22590521,0
15.39324527,16.22590521,0
15.39324527,16.22590521,0
15.39324527,16.22590521,0
15.39324527,16.22590521,0
15.39324527,16.22590521,0
15.39324527,16.22590521,0
15.6757137,16.22590521,0
15.6757137,16.22590521,0
15.6757137,16.22590521,0
15.6757137,16.22590521,0
15.6757137,16.22590521,0
15.6757137,16.22590521,0
15.6757137,16.22590521,0
15.6757137,16.22590521,0
15.6757137,16.22590521,0
15.6757137,16.22590521,0
15.9531815,16.22590521,0
15.9531815,16.22590521,0
16.22590521,16.22590521,0
16.22590521,16.22590521,0
16.22590521,16.22590521,0
16.22590521,16.22590521,0
16.22590521,16.22590521,0
16.22590521,16.22590521,0
16.22590521,16.22590521,0
16.22590521,16.22590521,0
16.22590521,16.22590521,0
16.49412016,16.22590521,0
16.49412016,16.22590521,0
16.62660519,16.22590521,0
16.75804285,16.22590521,0
16.75804285,16.22590521,0
16.75804285,16.22590521,0
17.01787296,16.22590521,0
17.01787296,16.22590521,0
17.01787296,16.22590521,0
17.40034482,16.22590521,0
17.40034482,16.22590521,0
17.40034482,16.22590521,0
17.52598071,16.22590521,0
17.7745886,16.22590521,0
17.7745886,16.22590521,0
17.7745886,16.22590521,0
17.7745886,16.22590521,0
17.7745886,16.22590521,0
17.7745886,16.22590521,0
17.7745886,16.22590521,0
17.7745886,16.22590521,0
17.7745886,16.22590521,0
17.7745886,16.22590521,0
17.7745886,16.22590521,0
18.01976692,16.22590521,0
18.14111353,16.22590521,0
18.14111353,16.22590521,0
18.14111353,16.22590521,0
18.26165381,16.22590521,0
18.50037837,16.22590521,0
18.50037837,16.22590521,0
18.73606149,16.22590521,0
18.73606149,16.22590521,0
18.73606149,16.22590521,0
19.19874996,16.22590521,0
19.19874996,16.22590521,0
19.19874996,16.22590521,0
19.53857723,16.22590521,0
19.53857723,16.22590521,0
19.87259419,16.22590521,0
20.20108908,16.22590521,0
20.20108908,16.22590521,0
20.41714965,16.22590521,0
20.41714965,16.22590521,0
20.52432703,16.22590521,0
20.52432703,16.22590521,0
20.52432703,16.22590521,0
20.52432703,16.22590521,0
20.84255263,16.22590521,0
20.84255263,16.22590521,0
21.15599206,16.22590521,0
21.96997952,16.22590521,0
22.06961712,16.22590521,0
22.36586685,16.22590521,0
22.65824353,16.22590521,0
22.94689521,16.22590521,0
23.32620844,16.22590521,0
24.33885782,16.22590521,0
24.60780364,16.22590521,0
24.78547962,16.22590521,0
26.49679226,16.22590521,0
10.47377678,16.49412016,0
12.21441771,16.49412016,0
12.56853213,16.49412016,0
12.56853213,16.49412016,0
13.24839613,16.49412016,0
13.24839613,16.49412016,0
13.57556629,16.49412016,0
13.89503508,16.49412016,0
13.89503508,16.49412016,0
14.51289082,16.49412016,0
14.51289082,16.49412016,0
14.81215717,16.49412016,0
15.10549569,16.49412016,0
15.10549569,16.49412016,0
15.10549569,16.49412016,0
15.10549569,16.49412016,0
15.10549569,16.49412016,0
15.39324527,16.49412016,0
15.39324527,16.49412016,0
15.39324527,16.49412016,0
15.81505612,16.49412016,0
16.22590521,16.49412016,0
16.22590521,16.49412016,0
16.22590521,16.49412016,0
16.75804285,16.49412016,0
16.75804285,16.49412016,0
17.01787296,16.49412016,0
17.01787296,16.49412016,0
17.40034482,16.49412016,0
17.40034482,16.49412016,0
17.7745886,16.49412016,0
17.7745886,16.49412016,0
18.14111353,16.49412016,0
18.14111353,16.49412016,0
18.14111353,16.49412016,0
18.50037837,16.49412016,0
18.50037837,16.49412016,0
19.19874996,16.49412016,0
19.53857723,16.49412016,0
19.53857723,16.49412016,0
19.65054707,16.49412016,0
19.87259419,16.49412016,0
19.87259419,16.49412016,0
19.87259419,16.49412016,0
19.87259419,16.49412016,0
19.87259419,16.49412016,0
20.09218754,16.49412016,0
20.09218754,16.49412016,0
20.20108908,16.49412016,0
20.52432703,16.49412016,0
21.464855,16.49412016,0
22.06961712,16.49412016,0
25.99523033,16.49412016,0
29.9190909,16.49412016,0
9.368030743,16.62660519,0
10.26216351,16.62660519,0
10.26216351,16.62660519,0
11.84972574,16.62660519,0
12.21441771,16.62660519,0
12.56853213,16.62660519,0
12.91293925,16.62660519,0
13.24839613,16.62660519,0
13.24839613,16.62660519,0
13.24839613,16.62660519,0
13.24839613,16.62660519,0
13.24839613,16.62660519,0
13.57556629,16.62660519,0
14.05204611,16.62660519,0
14.20732206,16.62660519,0
14.51289082,16.62660519,0
14.51289082,16.62660519,0
14.81215717,16.62660519,0
14.81215717,16.62660519,0
14.95954545,16.62660519,0
14.95954545,16.62660519,0
15.39324527,16.62660519,0
15.39324527,16.62660519,0
15.39324527,16.62660519,0
16.22590521,16.62660519,0
16.22590521,16.62660519,0
16.62660519,16.62660519,0
17.27379518,16.62660519,0
17.27379518,16.62660519,0
17.27379518,16.62660519,0
17.40034482,16.62660519,0
17.7745886,16.62660519,0
17.7745886,16.62660519,0
17.7745886,16.62660519,0
17.7745886,16.62660519,0
18.50037837,16.62660519,0
18.50037837,16.62660519,0
20.52432703,16.62660519,0
20.52432703,16.62660519,0
26.07949386,16.62660519,0
7.83785685,16.75804285,0
9.825273533,16.75804285,0
10.88466812,16.75804285,0
10.88466812,16.75804285,0
11.47344761,16.75804285,0
11.84972574,16.75804285,0
11.84972574,16.75804285,0
12.03345337,16.75804285,0
12.03345337,16.75804285,0
12.39273981,16.75804285,0
12.56853213,16.75804285,0
13.24839613,16.75804285,0
13.24839613,16.75804285,0
13.89503508,16.75804285,0
13.89503508,16.75804285,0
13.89503508,16.75804285,0
14.51289082,16.75804285,0
14.51289082,16.75804285,0
14.51289082,16.75804285,0
14.51289082,16.75804285,0
14.51289082,16.75804285,0
14.51289082,16.75804285,0
14.81215717,16.75804285,0
14.81215717,16.75804285,0
14.81215717,16.75804285,0
14.81215717,16.75804285,0
14.95954545,16.75804285,0
14.95954545,16.75804285,0
15.10549569,16.75804285,0
15.10549569,16.75804285,0
15.39324527,16.75804285,0
15.39324527,16.75804285,0
15.6757137,16.75804285,0
15.6757137,16.75804285,0
15.6757137,16.75804285,0
15.6757137,16.75804285,0
15.6757137,16.75804285,0
15.6757137,16.75804285,0
15.6757137,16.75804285,0
15.9531815,16.75804285,0
15.9531815,16.75804285,0
15.9531815,16.75804285,0
16.22590521,16.75804285,0
16.49412016,16.75804285,0
16.62660519,16.75804285,0
16.75804285,16.75804285,0
16.75804285,16.75804285,0
16.75804285,16.75804285,0
16.75804285,16.75804285,0
16.75804285,16.75804285,0
17.01787296,16.75804285,0
17.01787296,16.75804285,0
17.01787296,16.75804285,0
17.01787296,16.75804285,0
17.27379518,16.75804285,0
17.40034482,16.75804285,0
17.52598071,16.75804285,0
17.52598071,16.75804285,0
17.52598071,16.75804285,0
17.52598071,16.75804285,0
17.7745886,16.75804285,0
17.7745886,16.75804285,0
17.7745886,16.75804285,0
17.7745886,16.75804285,0
18.01976692,16.75804285,0
18.01976692,16.75804285,0
18.01976692,16.75804285,0
18.01976692,16.75804285,0
18.14111353,16.75804285,0
18.14111353,16.75804285,0
18.26165381,16.75804285,0
18.26165381,16.75804285,0
18.26165381,16.75804285,0
18.73606149,16.75804285,0
18.73606149,16.75804285,0
19.19874996,16.75804285,0
19.19874996,16.75804285,0
19.19874996,16.75804285,0
19.53857723,16.75804285,0
19.65054707,16.75804285,0
19.87259419,16.75804285,0
19.87259419,16.75804285,0
20.20108908,16.75804285,0
20.20108908,16.75804285,0
20.52432703,16.75804285,0
20.52432703,16.75804285,0
20.52432703,16.75804285,0
20.52432703,16.75804285,0
21.15599206,16.75804285,0
21.15599206,16.75804285,0
21.36239687,16.75804285,0
21.464855,16.75804285,0
22.36586685,16.75804285,0
22.36586685,16.75804285,0
22.36586685,16.75804285,0
22.56120564,16.75804285,0
24.06690674,16.75804285,0
24.78547962,16.75804285,0
24.87384168,16.75804285,0
26.90761974,16.75804285,0
15.81505612,16.8884576,0
4.189510711,17.01787296,0
8.887294301,17.01787296,0
9.825273533,17.01787296,0
10.26216351,17.01787296,0
11.08440346,17.01787296,0
11.47344761,17.01787296,0
11.47344761,17.01787296,0
11.47344761,17.01787296,0
11.84972574,17.01787296,0
11.84972574,17.01787296,0
12.21441771,17.01787296,0
12.21441771,17.01787296,0
12.21441771,17.01787296,0
12.21441771,17.01787296,0
12.39273981,17.01787296,0
12.56853213,17.01787296,0
12.56853213,17.01787296,0
12.56853213,17.01787296,0
12.56853213,17.01787296,0
12.56853213,17.01787296,0
12.74189939,17.01787296,0
12.91293925,17.01787296,0
12.91293925,17.01787296,0
12.91293925,17.01787296,0
13.24839613,17.01787296,0
13.57556629,17.01787296,0
13.57556629,17.01787296,0
13.57556629,17.01787296,0
13.89503508,17.01787296,0
13.89503508,17.01787296,0
13.89503508,17.01787296,0
13.89503508,17.01787296,0
14.05204611,17.01787296,0
14.05204611,17.01787296,0
14.20732206,17.01787296,0
14.51289082,17.01787296,0
14.51289082,17.01787296,0
14.51289082,17.01787296,0
14.51289082,17.01787296,0
14.51289082,17.01787296,0
14.51289082,17.01787296,0
14.51289082,17.01787296,0
14.51289082,17.01787296,0
14.51289082,17.01787296,0
14.51289082,17.01787296,0
14.51289082,17.01787296,0
14.81215717,17.01787296,0
14.81215717,17.01787296,0
14.81215717,17.01787296,0
14.81215717,17.01787296,0
14.81215717,17.01787296,0
14.81215717,17.01787296,0
14.81215717,17.01787296,0
14.81215717,17.01787296,0
14.81215717,17.01787296,0
14.95954545,17.01787296,0
14.95954545,17.01787296,0
15.10549569,17.01787296,0
15.10549569,17.01787296,0
15.10549569,17.01787296,0
15.10549569,17.01787296,0
15.39324527,17.01787296,0
15.39324527,17.01787296,0
15.39324527,17.01787296,0
15.39324527,17.01787296,0
15.39324527,17.01787296,0
15.39324527,17.01787296,0
15.39324527,17.01787296,0
15.39324527,17.01787296,0
15.6757137,17.01787296,0
15.6757137,17.01787296,0
15.6757137,17.01787296,0
15.9531815,17.01787296,0
16.22590521,17.01787296,0
16.22590521,17.01787296,0
16.22590521,17.01787296,0
16.22590521,17.01787296,0
16.22590521,17.01787296,0
16.22590521,17.01787296,0
16.22590521,17.01787296,0
16.22590521,17.01787296,0
16.49412016,17.01787296,0
16.62660519,17.01787296,0
16.62660519,17.01787296,0
16.62660519,17.01787296,0
16.75804285,17.01787296,0
16.75804285,17.01787296,0
16.75804285,17.01787296,0
16.75804285,17.01787296,0
17.01787296,17.01787296,0
17.01787296,17.01787296,0
17.01787296,17.01787296,0
17.01787296,17.01787296,0
17.01787296,17.01787296,0
17.01787296,17.01787296,0
17.01787296,17.01787296,0
17.01787296,17.01787296,0
17.01787296,17.01787296,0
17.27379518,17.01787296,0
17.40034482,17.01787296,0
17.40034482,17.01787296,0
17.52598071,17.01787296,0
17.7745886,17.01787296,0
17.7745886,17.01787296,0
17.7745886,17.01787296,0
17.7745886,17.01787296,0
18.01976692,17.01787296,0
18.01976692,17.01787296,0
18.01976692,17.01787296,0
18.01976692,17.01787296,0
18.14111353,17.01787296,0
18.14111353,17.01787296,0
18.14111353,17.01787296,0
18.50037837,17.01787296,0
18.50037837,17.01787296,0
18.50037837,17.01787296,0
18.50037837,17.01787296,0
18.50037837,17.01787296,0
18.8527982,17.01787296,0
18.8527982,17.01787296,0
19.19874996,17.01787296,0
19.19874996,17.01787296,0
19.65054707,17.01787296,0
20.09218754,17.01787296,0
20.30940669,17.01787296,0
20.84255263,17.01787296,0
20.84255263,17.01787296,0
20.94755356,17.01787296,0
23.32620844,17.01787296,0
23.51357055,17.01787296,0
23.88388578,17.01787296,0
24.06690674,17.01787296,0
24.33885782,17.01787296,0
24.33885782,17.01787296,0
25.48379877,17.01787296,0
25.65540879,17.01787296,0
10.04609377,17.27379518,0
10.68119843,17.27379518,0
11.08440346,17.27379518,0
11.47344761,17.27379518,0
11.84972574,17.27379518,0
11.84972574,17.27379518,0
12.21441771,17.27379518,0
12.21441771,17.27379518,0
12.56853213,17.27379518,0
12.56853213,17.27379518,0
12.56853213,17.27379518,0
12.91293925,17.27379518,0
13.57556629,17.27379518,0
13.57556629,17.27379518,0
13.89503508,17.27379518,0
13.89503508,17.27379518,0
15.10549569,17.27379518,0
15.10549569,17.27379518,0
15.10549569,17.27379518,0
15.39324527,17.27379518,0
15.39324527,17.27379518,0
15.6757137,17.27379518,0
16.49412016,17.27379518,0
16.49412016,17.27379518,0
16.62660519,17.27379518,0
17.01787296,17.27379518,0
17.01787296,17.27379518,0
17.27379518,17.27379518,0
17.27379518,17.27379518,0
17.52598071,17.27379518,0
17.52598071,17.27379518,0
17.52598071,17.27379518,0
17.7745886,17.27379518,0
18.01976692,17.27379518,0
18.14111353,17.27379518,0
19.19874996,17.27379518,0
19.87259419,17.27379518,0
19.87259419,17.27379518,0
20.20108908,17.27379518,0
20.84255263,17.27379518,0
21.76933623,17.27379518,0
21.76933623,17.27379518,0
22.06961712,17.27379518,0
23.23196074,17.27379518,0
25.22419473,17.27379518,0
27.31226831,17.27379518,0
55.58014034,17.27379518,0
10.68119843,17.40034482,0
11.08440346,17.40034482,0
11.47344761,17.40034482,0
11.47344761,17.40034482,0
11.84972574,17.40034482,0
11.84972574,17.40034482,0
12.21441771,17.40034482,0
12.21441771,17.40034482,0
12.56853213,17.40034482,0
12.56853213,17.40034482,0
12.91293925,17.40034482,0
13.081743,17.40034482,0
13.89503508,17.40034482,0
13.89503508,17.40034482,0
14.20732206,17.40034482,0
14.51289082,17.40034482,0
14.81215717,17.40034482,0
14.81215717,17.40034482,0
14.95954545,17.40034482,0
14.95954545,17.40034482,0
14.95954545,17.40034482,0
15.10549569,17.40034482,0
15.39324527,17.40034482,0
15.39324527,17.40034482,0
15.6757137,17.40034482,0
15.81505612,17.40034482,0
16.22590521,17.40034482,0
17.01787296,17.40034482,0
17.01787296,17.40034482,0
17.01787296,17.40034482,0
17.01787296,17.40034482,0
17.01787296,17.40034482,0
17.01787296,17.40034482,0
17.01787296,17.40034482,0
17.40034482,17.40034482,0
17.40034482,17.40034482,0
17.7745886,17.40034482,0
17.7745886,17.40034482,0
18.14111353,17.40034482,0
18.50037837,17.40034482,0
19.19874996,17.40034482,0
19.19874996,17.40034482,0
19.19874996,17.40034482,0
20.52432703,17.40034482,0
20.52432703,17.40034482,0
20.52432703,17.40034482,0
21.76933623,17.40034482,0
21.76933623,17.40034482,0
22.94689521,17.40034482,0
31.63011224,17.40034482,0
34.42034282,17.40034482,0
10.47377678,17.52598071,0
12.03345337,17.52598071,0
12.56853213,17.52598071,0
13.57556629,17.52598071,0
13.57556629,17.52598071,0
13.89503508,17.52598071,0
13.89503508,17.52598071,0
14.81215717,17.52598071,0
15.10549569,17.52598071,0
15.39324527,17.52598071,0
15.6757137,17.52598071,0
15.6757137,17.52598071,0
15.6757137,17.52598071,0
16.22590521,17.52598071,0
16.22590521,17.52598071,0
16.22590521,17.52598071,0
16.22590521,17.52598071,0
16.22590521,17.52598071,0
16.22590521,17.52598071,0
16.49412016,17.52598071,0
16.75804285,17.52598071,0
16.75804285,17.52598071,0
16.75804285,17.52598071,0
16.75804285,17.52598071,0
17.01787296,17.52598071,0
17.01787296,17.52598071,0
17.27379518,17.52598071,0
17.27379518,17.52598071,0
17.27379518,17.52598071,0
18.01976692,17.52598071,0
18.14111353,17.52598071,0
18.14111353,17.52598071,0
18.26165381,17.52598071,0
18.26165381,17.52598071,0
18.73606149,17.52598071,0
18.73606149,17.52598071,0
18.73606149,17.52598071,0
18.8527982,17.52598071,0
19.19874996,17.52598071,0
19.53857723,17.52598071,0
19.87259419,17.52598071,0
19.87259419,17.52598071,0
19.87259419,17.52598071,0
20.20108908,17.52598071,0
20.20108908,17.52598071,0
20.52432703,17.52598071,0
20.52432703,17.52598071,0
20.52432703,17.52598071,0
21.15599206,17.52598071,0
21.15599206,17.52598071,0
21.15599206,17.52598071,0
21.76933623,17.52598071,0
21.76933623,17.52598071,0
23.69945147,17.52598071,0
23.69945147,17.52598071,0
24.87384168,17.52598071,0
26.16348601,17.52598071,0
7.552747844,17.7745886,0
9.368030743,17.7745886,0
9.59937498,17.7745886,0
10.26216351,17.7745886,0
10.88466812,17.7745886,0
10.88466812,17.7745886,0
11.08440346,17.7745886,0
11.08440346,17.7745886,0
11.08440346,17.7745886,0
11.47344761,17.7745886,0
11.47344761,17.7745886,0
11.84972574,17.7745886,0
11.84972574,17.7745886,0
11.84972574,17.7745886,0
12.21441771,17.7745886,0
12.56853213,17.7745886,0
12.91293925,17.7745886,0
13.24839613,17.7745886,0
13.24839613,17.7745886,0
13.57556629,17.7745886,0
13.89503508,17.7745886,0
13.89503508,17.7745886,0
13.89503508,17.7745886,0
13.89503508,17.7745886,0
13.89503508,17.7745886,0
14.05204611,17.7745886,0
14.20732206,17.7745886,0
14.20732206,17.7745886,0
14.51289082,17.7745886,0
14.51289082,17.7745886,0
14.81215717,17.7745886,0
14.81215717,17.7745886,0
14.81215717,17.7745886,0
15.39324527,17.7745886,0
15.39324527,17.7745886,0
15.39324527,17.7745886,0
15.39324527,17.7745886,0
15.39324527,17.7745886,0
15.39324527,17.7745886,0
15.6757137,17.7745886,0
15.81505612,17.7745886,0
15.81505612,17.7745886,0
15.9531815,17.7745886,0
16.22590521,17.7745886,0
16.22590521,17.7745886,0
16.22590521,17.7745886,0
16.22590521,17.7745886,0
16.22590521,17.7745886,0
16.22590521,17.7745886,0
16.22590521,17.7745886,0
16.22590521,17.7745886,0
16.62660519,17.7745886,0
16.62660519,17.7745886,0
16.62660519,17.7745886,0
16.62660519,17.7745886,0
16.75804285,17.7745886,0
16.75804285,17.7745886,0
17.01787296,17.7745886,0
17.01787296,17.7745886,0
17.01787296,17.7745886,0
17.01787296,17.7745886,0
17.01787296,17.7745886,0
17.01787296,17.7745886,0
17.01787296,17.7745886,0
17.27379518,17.7745886,0
17.27379518,17.7745886,0
17.40034482,17.7745886,0
17.40034482,17.7745886,0
17.7745886,17.7745886,0
17.7745886,17.7745886,0
17.7745886,17.7745886,0
17.7745886,17.7745886,0
17.7745886,17.7745886,0
17.7745886,17.7745886,0
18.01976692,17.7745886,0
18.14111353,17.7745886,0
18.14111353,17.7745886,0
18.26165381,17.7745886,0
18.50037837,17.7745886,0
18.50037837,17.7745886,0
18.50037837,17.7745886,0
18.73606149,17.7745886,0
18.73606149,17.7745886,0
18.73606149,17.7745886,0
18.8527982,17.7745886,0
18.8527982,17.7745886,0
18.8527982,17.7745886,0
18.8527982,17.7745886,0
18.8527982,17.7745886,0
19.19874996,17.7745886,0
19.19874996,17.7745886,0
19.19874996,17.7745886,0
19.19874996,17.7745886,0
19.53857723,17.7745886,0
19.65054707,17.7745886,0
19.65054707,17.7745886,0
19.87259419,17.7745886,0
19.87259419,17.7745886,0
19.87259419,17.7745886,0
19.87259419,17.7745886,0
19.87259419,17.7745886,0
20.09218754,17.7745886,0
20.09218754,17.7745886,0
20.09218754,17.7745886,0
20.20108908,17.7745886,0
20.52432703,17.7745886,0
20.52432703,17.7745886,0
20.52432703,17.7745886,0
20.52432703,17.7745886,0
21.15599206,17.7745886,0
21.36239687,17.7745886,0
21.464855,17.7745886,0
21.464855,17.7745886,0
21.76933623,17.7745886,0
21.76933623,17.7745886,0
22.36586685,17.7745886,0
22.56120564,17.7745886,0
22.65824353,17.7745886,0
23.23196074,17.7745886,0
23.23196074,17.7745886,0
23.32620844,17.7745886,0
23.42007686,17.7745886,0
24.42883542,17.7745886,0
24.96189095,17.7745886,0
27.15113257,17.7745886,0
27.71100864,17.7745886,0
28.10409223,17.7745886,0
11.08440346,18.01976692,0
11.84972574,18.01976692,0
13.24839613,18.01976692,0
14.20732206,18.01976692,0
14.20732206,18.01976692,0
14.81215717,18.01976692,0
16.22590521,18.01976692,0
16.22590521,18.01976692,0
16.49412016,18.01976692,0
16.75804285,18.01976692,0
16.75804285,18.01976692,0
16.75804285,18.01976692,0
16.75804285,18.01976692,0
16.75804285,18.01976692,0
16.75804285,18.01976692,0
17.01787296,18.01976692,0
17.27379518,18.01976692,0
17.27379518,18.01976692,0
17.52598071,18.01976692,0
17.52598071,18.01976692,0
17.52598071,18.01976692,0
17.7745886,18.01976692,0
17.7745886,18.01976692,0
18.26165381,18.01976692,0
18.8527982,18.01976692,0
19.19874996,18.01976692,0
19.42596201,18.01976692,0
19.65054707,18.01976692,0
19.87259419,18.01976692,0
20.20108908,18.01976692,0
20.20108908,18.01976692,0
20.30940669,18.01976692,0
20.84255263,18.01976692,0
20.84255263,18.01976692,0
21.15599206,18.01976692,0
21.15599206,18.01976692,0
21.76933623,18.01976692,0
22.06961712,18.01976692,0
22.36586685,18.01976692,0
22.36586685,18.01976692,0
22.94689521,18.01976692,0
24.42883542,18.01976692,0
24.60780364,18.01976692,0
9.368030743,18.14111353,0
9.825273533,18.14111353,0
11.08440346,18.14111353,0
11.47344761,18.14111353,0
11.47344761,18.14111353,0
11.84972574,18.14111353,0
12.21441771,18.14111353,0
12.21441771,18.14111353,0
12.56853213,18.14111353,0
12.56853213,18.14111353,0
12.91293925,18.14111353,0
12.91293925,18.14111353,0
13.24839613,18.14111353,0
13.89503508,18.14111353,0
13.89503508,18.14111353,0
13.89503508,18.14111353,0
13.89503508,18.14111353,0
14.05204611,18.14111353,0
14.20732206,18.14111353,0
14.20732206,18.14111353,0
14.20732206,18.14111353,0
14.20732206,18.14111353,0
14.20732206,18.14111353,0
14.51289082,18.14111353,0
14.51289082,18.14111353,0
14.51289082,18.14111353,0
14.51289082,18.14111353,0
14.51289082,18.14111353,0
14.81215717,18.14111353,0
14.81215717,18.14111353,0
14.81215717,18.14111353,0
14.81215717,18.14111353,0
14.95954545,18.14111353,0
14.95954545,18.14111353,0
15.10549569,18.14111353,0
15.10549569,18.14111353,0
15.10549569,18.14111353,0
15.39324527,18.14111353,0
15.39324527,18.14111353,0
15.39324527,18.14111353,0
15.39324527,18.14111353,0
15.39324527,18.14111353,0
15.39324527,18.14111353,0
15.6757137,18.14111353,0
15.6757137,18.14111353,0
15.6757137,18.14111353,0
15.6757137,18.14111353,0
15.6757137,18.14111353,0
15.81505612,18.14111353,0
16.22590521,18.14111353,0
16.22590521,18.14111353,0
16.22590521,18.14111353,0
16.22590521,18.14111353,0
16.49412016,18.14111353,0
16.62660519,18.14111353,0
16.75804285,18.14111353,0
16.75804285,18.14111353,0
17.01787296,18.14111353,0
17.01787296,18.14111353,0
17.01787296,18.14111353,0
17.01787296,18.14111353,0
17.01787296,18.14111353,0
17.01787296,18.14111353,0
17.40034482,18.14111353,0
17.7745886,18.14111353,0
17.7745886,18.14111353,0
17.7745886,18.14111353,0
18.14111353,18.14111353,0
18.14111353,18.14111353,0
18.26165381,18.14111353,0
18.26165381,18.14111353,0
18.26165381,18.14111353,0
18.50037837,18.14111353,0
18.50037837,18.14111353,0
18.50037837,18.14111353,0
18.73606149,18.14111353,0
18.73606149,18.14111353,0
18.8527982,18.14111353,0
19.19874996,18.14111353,0
19.19874996,18.14111353,0
19.19874996,18.14111353,0
19.53857723,18.14111353,0
19.87259419,18.14111353,0
19.87259419,18.14111353,0
19.87259419,18.14111353,0
20.09218754,18.14111353,0
20.20108908,18.14111353,0
21.36239687,18.14111353,0
21.464855,18.14111353,0
21.464855,18.14111353,0
21.76933623,18.14111353,0
22.16880691,18.14111353,0
22.36586685,18.14111353,0
22.46374857,18.14111353,0
22.65824353,18.14111353,0
22.94689521,18.14111353,0
23.32620844,18.14111353,0
25.13706427,18.14111353,0
25.13706427,18.14111353,0
29.32657498,18.14111353,0
10.68119843,18.26165381,0
11.08440346,18.26165381,0
11.08440346,18.26165381,0
12.91293925,18.26165381,0
12.91293925,18.26165381,0
13.081743,18.26165381,0
13.24839613,18.26165381,0
13.24839613,18.26165381,0
13.57556629,18.26165381,0
14.51289082,18.26165381,0
14.51289082,18.26165381,0
14.51289082,18.26165381,0
15.39324527,18.26165381,0
15.39324527,18.26165381,0
15.39324527,18.26165381,0
16.22590521,18.26165381,0
16.49412016,18.26165381,0
16.75804285,18.26165381,0
17.27379518,18.26165381,0
17.7745886,18.26165381,0
18.14111353,18.26165381,0
18.14111353,18.26165381,0
18.26165381,18.26165381,0
18.26165381,18.26165381,0
19.53857723,18.26165381,0
19.65054707,18.26165381,0
19.87259419,18.26165381,0
19.87259419,18.26165381,0
19.87259419,18.26165381,0
21.15599206,18.26165381,0
21.76933623,18.26165381,0
21.76933623,18.26165381,0
22.06961712,18.26165381,0
22.06961712,18.26165381,0
22.94689521,18.26165381,0
23.69945147,18.26165381,0
24.06690674,18.26165381,0
24.33885782,18.26165381,0
26.16348601,18.26165381,0
29.9190909,18.26165381,0
16.22590521,18.38140365,0
4.189510711,18.50037837,0
10.47377678,18.50037837,0
11.47344761,18.50037837,0
11.47344761,18.50037837,0
11.84972574,18.50037837,0
12.56853213,18.50037837,0
12.91293925,18.50037837,0
13.24839613,18.50037837,0
13.24839613,18.50037837,0
13.57556629,18.50037837,0
13.89503508,18.50037837,0
13.89503508,18.50037837,0
13.89503508,18.50037837,0
13.89503508,18.50037837,0
14.51289082,18.50037837,0
14.51289082,18.50037837,0
14.81215717,18.50037837,0
14.81215717,18.50037837,0
15.10549569,18.50037837,0
15.10549569,18.50037837,0
15.10549569,18.50037837,0
15.39324527,18.50037837,0
15.39324527,18.50037837,0
15.39324527,18.50037837,0
15.39324527,18.50037837,0
15.39324527,18.50037837,0
15.6757137,18.50037837,0
15.6757137,18.50037837,0
15.9531815,18.50037837,0
16.22590521,18.50037837,0
16.22590521,18.50037837,0
16.22590521,18.50037837,0
16.22590521,18.50037837,0
16.22590521,18.50037837,0
16.22590521,18.50037837,0
16.22590521,18.50037837,0
16.22590521,18.50037837,0
16.49412016,18.50037837,0
16.49412016,18.50037837,0
16.49412016,18.50037837,0
16.49412016,18.50037837,0
16.62660519,18.50037837,0
16.75804285,18.50037837,0
17.01787296,18.50037837,0
17.01787296,18.50037837,0
17.01787296,18.50037837,0
17.01787296,18.50037837,0
17.01787296,18.50037837,0
17.27379518,18.50037837,0
17.40034482,18.50037837,0
17.40034482,18.50037837,0
17.40034482,18.50037837,0
17.52598071,18.50037837,0
17.52598071,18.50037837,0
17.52598071,18.50037837,0
17.52598071,18.50037837,0
17.7745886,18.50037837,0
17.7745886,18.50037837,0
17.7745886,18.50037837,0
18.01976692,18.50037837,0
18.01976692,18.50037837,0
18.01976692,18.50037837,0
18.14111353,18.50037837,0
18.14111353,18.50037837,0
18.14111353,18.50037837,0
18.14111353,18.50037837,0
18.14111353,18.50037837,0
18.50037837,18.50037837,0
18.73606149,18.50037837,0
18.73606149,18.50037837,0
18.8527982,18.50037837,0
19.19874996,18.50037837,0
19.19874996,18.50037837,0
19.19874996,18.50037837,0
19.42596201,18.50037837,0
19.42596201,18.50037837,0
19.53857723,18.50037837,0
19.53857723,18.50037837,0
19.87259419,18.50037837,0
19.87259419,18.50037837,0
19.87259419,18.50037837,0
19.87259419,18.50037837,0
20.20108908,18.50037837,0
20.20108908,18.50037837,0
20.20108908,18.50037837,0
20.52432703,18.50037837,0
20.84255263,18.50037837,0
21.15599206,18.50037837,0
21.15599206,18.50037837,0
22.06961712,18.50037837,0
22.06961712,18.50037837,0
22.46374857,18.50037837,0
22.56120564,18.50037837,0
22.85108313,18.50037837,0
22.94689521,18.50037837,0
23.32620844,18.50037837,0
23.79184734,18.50037837,0
24.33885782,18.50037837,0
26.49679226,18.50037837,0
27.31226831,18.50037837,0
9.368030743,18.73606149,0
10.26216351,18.73606149,0
10.88466812,18.73606149,0
12.91293925,18.73606149,0
12.91293925,18.73606149,0
13.081743,18.73606149,0
13.57556629,18.73606149,0
13.57556629,18.73606149,0
13.89503508,18.73606149,0
13.89503508,18.73606149,0
15.10549569,18.73606149,0
15.39324527,18.73606149,0
15.9531815,18.73606149,0
16.22590521,18.73606149,0
16.22590521,18.73606149,0
16.49412016,18.73606149,0
16.62660519,18.73606149,0
16.75804285,18.73606149,0
17.01787296,18.73606149,0
17.01787296,18.73606149,0
17.01787296,18.73606149,0
17.40034482,18.73606149,0
17.52598071,18.73606149,0
17.52598071,18.73606149,0
17.52598071,18.73606149,0
17.52598071,18.73606149,0
17.52598071,18.73606149,0
17.7745886,18.73606149,0
18.01976692,18.73606149,0
18.01976692,18.73606149,0
18.14111353,18.73606149,0
18.14111353,18.73606149,0
18.26165381,18.73606149,0
18.26165381,18.73606149,0
18.26165381,18.73606149,0
18.50037837,18.73606149,0
18.73606149,18.73606149,0
18.8527982,18.73606149,0
19.53857723,18.73606149,0
19.53857723,18.73606149,0
19.65054707,18.73606149,0
19.87259419,18.73606149,0
19.87259419,18.73606149,0
20.30940669,18.73606149,0
20.52432703,18.73606149,0
20.52432703,18.73606149,0
21.76933623,18.73606149,0
21.76933623,18.73606149,0
21.76933623,18.73606149,0
22.06961712,18.73606149,0
22.06961712,18.73606149,0
22.36586685,18.73606149,0
22.65824353,18.73606149,0
23.51357055,18.73606149,0
24.60780364,18.73606149,0
25.13706427,18.73606149,0
26.16348601,18.73606149,0
10.47377678,18.8527982,0
10.68119843,18.8527982,0
10.88466812,18.8527982,0
12.03345337,18.8527982,0
12.21441771,18.8527982,0
12.56853213,18.8527982,0
13.24839613,18.8527982,0
13.24839613,18.8527982,0
13.57556629,18.8527982,0
13.89503508,18.8527982,0
13.89503508,18.8527982,0
14.20732206,18.8527982,0
14.51289082,18.8527982,0
14.51289082,18.8527982,0
14.51289082,18.8527982,0
14.81215717,18.8527982,0
14.81215717,18.8527982,0
15.10549569,18.8527982,0
15.10549569,18.8527982,0
15.10549569,18.8527982,0
15.39324527,18.8527982,0
15.39324527,18.8527982,0
15.6757137,18.8527982,0
15.6757137,18.8527982,0
15.6757137,18.8527982,0
15.6757137,18.8527982,0
15.6757137,18.8527982,0
15.6757137,18.8527982,0
15.81505612,18.8527982,0
15.9531815,18.8527982,0
16.22590521,18.8527982,0
16.22590521,18.8527982,0
16.22590521,18.8527982,0
16.49412016,18.8527982,0
16.49412016,18.8527982,0
16.49412016,18.8527982,0
17.01787296,18.8527982,0
17.01787296,18.8527982,0
17.01787296,18.8527982,0
17.01787296,18.8527982,0
17.01787296,18.8527982,0
17.27379518,18.8527982,0
17.40034482,18.8527982,0
17.52598071,18.8527982,0
17.52598071,18.8527982,0
17.7745886,18.8527982,0
17.7745886,18.8527982,0
17.7745886,18.8527982,0
17.7745886,18.8527982,0
18.14111353,18.8527982,0
18.14111353,18.8527982,0
18.14111353,18.8527982,0
18.14111353,18.8527982,0
18.50037837,18.8527982,0
18.8527982,18.8527982,0
18.8527982,18.8527982,0
18.8527982,18.8527982,0
18.8527982,18.8527982,0
19.19874996,18.8527982,0
19.65054707,18.8527982,0
19.87259419,18.8527982,0
19.87259419,18.8527982,0
20.20108908,18.8527982,0
20.20108908,18.8527982,0
20.52432703,18.8527982,0
20.52432703,18.8527982,0
21.15599206,18.8527982,0
21.15599206,18.8527982,0
21.76933623,18.8527982,0
21.76933623,18.8527982,0
22.16880691,18.8527982,0
24.33885782,18.8527982,0
26.16348601,18.8527982,0
12.39273981,18.96881652,0
14.51289082,18.96881652,0
16.22590521,18.96881652,0
17.7745886,18.96881652,0
18.01976692,18.96881652,0
18.73606149,18.96881652,0
19.19874996,18.96881652,0
23.51357055,18.96881652,0
7.552747844,19.19874996,0
9.368030743,19.19874996,0
9.825273533,19.19874996,0
9.825273533,19.19874996,0
10.26216351,19.19874996,0
10.26216351,19.19874996,0
11.84972574,19.19874996,0
11.84972574,19.19874996,0
11.84972574,19.19874996,0
11.84972574,19.19874996,0
12.03345337,19.19874996,0
12.21441771,19.19874996,0
12.39273981,19.19874996,0
12.56853213,19.19874996,0
13.24839613,19.19874996,0
13.24839613,19.19874996,0
13.24839613,19.19874996,0
13.57556629,19.19874996,0
13.57556629,19.19874996,0
13.89503508,19.19874996,0
13.89503508,19.19874996,0
14.05204611,19.19874996,0
14.20732206,19.19874996,0
14.20732206,19.19874996,0
14.20732206,19.19874996,0
14.20732206,19.19874996,0
14.81215717,19.19874996,0
14.81215717,19.19874996,0
15.10549569,19.19874996,0
15.10549569,19.19874996,0
15.39324527,19.19874996,0
15.39324527,19.19874996,0
15.39324527,19.19874996,0
15.39324527,19.19874996,0
15.6757137,19.19874996,0
15.6757137,19.19874996,0
15.6757137,19.19874996,0
15.9531815,19.19874996,0
15.9531815,19.19874996,0
16.22590521,19.19874996,0
16.22590521,19.19874996,0
16.22590521,19.19874996,0
16.22590521,19.19874996,0
16.49412016,19.19874996,0
16.49412016,19.19874996,0
16.75804285,19.19874996,0
16.75804285,19.19874996,0
16.75804285,19.19874996,0
16.75804285,19.19874996,0
16.75804285,19.19874996,0
16.75804285,19.19874996,0
16.75804285,19.19874996,0
16.75804285,19.19874996,0
16.75804285,19.19874996,0
16.75804285,19.19874996,0
17.01787296,19.19874996,0
17.01787296,19.19874996,0
17.01787296,19.19874996,0
17.27379518,19.19874996,0
17.40034482,19.19874996,0
17.52598071,19.19874996,0
17.7745886,19.19874996,0
17.7745886,19.19874996,0
17.7745886,19.19874996,0
17.7745886,19.19874996,0
18.01976692,19.19874996,0
18.14111353,19.19874996,0
18.14111353,19.19874996,0
18.14111353,19.19874996,0
18.26165381,19.19874996,0
18.26165381,19.19874996,0
18.50037837,19.19874996,0
18.50037837,19.19874996,0
18.50037837,19.19874996,0
18.50037837,19.19874996,0
18.73606149,19.19874996,0
18.73606149,19.19874996,0
18.8527982,19.19874996,0
18.8527982,19.19874996,0
18.8527982,19.19874996,0
18.8527982,19.19874996,0
18.8527982,19.19874996,0
18.8527982,19.19874996,0
18.96881652,19.19874996,0
19.19874996,19.19874996,0
19.42596201,19.19874996,0
19.53857723,19.19874996,0
19.53857723,19.19874996,0
19.87259419,19.19874996,0
19.87259419,19.19874996,0
19.87259419,19.19874996,0
19.87259419,19.19874996,0
20.09218754,19.19874996,0
20.09218754,19.19874996,0
20.20108908,19.19874996,0
20.30940669,19.19874996,0
20.52432703,19.19874996,0
20.73702004,19.19874996,0
20.84255263,19.19874996,0
20.84255263,19.19874996,0
20.94755356,19.19874996,0
21.15599206,19.19874996,0
21.15599206,19.19874996,0
21.15599206,19.19874996,0
21.464855,19.19874996,0
21.464855,19.19874996,0
21.76933623,19.19874996,0
22.16880691,19.19874996,0
22.36586685,19.19874996,0
22.36586685,19.19874996,0
22.65824353,19.19874996,0
23.51357055,19.19874996,0
23.69945147,19.19874996,0
24.78547962,19.19874996,0
25.13706427,19.19874996,0
25.39755894,19.19874996,0
25.48379877,19.19874996,0
26.49679226,19.19874996,0
27.15113257,19.19874996,0
32.31631167,19.19874996,0
35.05196143,19.19874996,0
13.081743,19.31269013,0
14.81215717,19.31269013,0
14.95954545,19.31269013,0
14.95954545,19.31269013,0
16.49412016,19.42596201,0
16.75804285,19.42596201,0
17.01787296,19.42596201,0
17.01787296,19.42596201,0
17.27379518,19.42596201,0
18.26165381,19.42596201,0
18.73606149,19.42596201,0
18.73606149,19.42596201,0
19.87259419,19.42596201,0
22.06961712,19.42596201,0
22.94689521,19.42596201,0
23.23196074,19.42596201,0
24.06690674,19.42596201,0
9.130826907,19.53857723,0
9.368030743,19.53857723,0
9.368030743,19.53857723,0
10.04609377,19.53857723,0
10.26216351,19.53857723,0
11.84972574,19.53857723,0
13.24839613,19.53857723,0
13.57556629,19.53857723,0
14.81215717,19.53857723,0
15.39324527,19.53857723,0
15.6757137,19.53857723,0
15.6757137,19.53857723,0
15.81505612,19.53857723,0
16.22590521,19.53857723,0
16.49412016,19.53857723,0
16.75804285,19.53857723,0
16.75804285,19.53857723,0
16.75804285,19.53857723,0
17.01787296,19.53857723,0
17.01787296,19.53857723,0
17.40034482,19.53857723,0
17.52598071,19.53857723,0
17.7745886,19.53857723,0
17.7745886,19.53857723,0
17.7745886,19.53857723,0
17.7745886,19.53857723,0
18.14111353,19.53857723,0
18.50037837,19.53857723,0
18.50037837,19.53857723,0
18.8527982,19.53857723,0
19.19874996,19.53857723,0
19.19874996,19.53857723,0
19.53857723,19.53857723,0
19.53857723,19.53857723,0
19.87259419,19.53857723,0
19.87259419,19.53857723,0
20.20108908,19.53857723,0
20.52432703,19.53857723,0
20.52432703,19.53857723,0
20.52432703,19.53857723,0
20.94755356,19.53857723,0
21.76933623,19.53857723,0
22.06961712,19.53857723,0
22.36586685,19.53857723,0
22.94689521,19.53857723,0
22.94689521,19.53857723,0
22.94689521,19.53857723,0
23.23196074,19.53857723,0
23.23196074,19.53857723,0
24.33885782,19.53857723,0
25.13706427,19.53857723,0
28.87420995,19.53857723,0
10.88466812,19.65054707,0
13.24839613,19.65054707,0
13.89503508,19.65054707,0
14.20732206,19.65054707,0
14.95954545,19.65054707,0
15.39324527,19.65054707,0
16.22590521,19.65054707,0
16.62660519,19.65054707,0
16.75804285,19.65054707,0
17.01787296,19.65054707,0
17.01787296,19.65054707,0
17.27379518,19.65054707,0
17.27379518,19.65054707,0
17.40034482,19.65054707,0
17.40034482,19.65054707,0
17.52598071,19.65054707,0
17.7745886,19.65054707,0
18.01976692,19.65054707,0
18.26165381,19.65054707,0
18.8527982,19.65054707,0
18.8527982,19.65054707,0
19.19874996,19.65054707,0
19.19874996,19.65054707,0
19.65054707,19.65054707,0
19.87259419,19.65054707,0
19.87259419,19.65054707,0
20.09218754,19.65054707,0
20.09218754,19.65054707,0
20.52432703,19.65054707,0
21.464855,19.65054707,0
21.76933623,19.65054707,0
21.76933623,19.65054707,0
22.06961712,19.65054707,0
22.36586685,19.65054707,0
23.69945147,19.65054707,0
24.33885782,19.65054707,0
24.78547962,19.65054707,0
25.22419473,19.65054707,0
30.57194793,19.65054707,0
5.131081757,19.87259419,0
11.47344761,19.87259419,0
13.24839613,19.87259419,0
13.57556629,19.87259419,0
13.89503508,19.87259419,0
13.89503508,19.87259419,0
13.89503508,19.87259419,0
14.20732206,19.87259419,0
14.51289082,19.87259419,0
14.51289082,19.87259419,0
14.51289082,19.87259419,0
14.81215717,19.87259419,0
14.95954545,19.87259419,0
14.95954545,19.87259419,0
15.10549569,19.87259419,0
15.10549569,19.87259419,0
15.10549569,19.87259419,0
15.39324527,19.87259419,0
15.39324527,19.87259419,0
15.39324527,19.87259419,0
15.39324527,19.87259419,0
15.6757137,19.87259419,0
15.6757137,19.87259419,0
15.6757137,19.87259419,0
15.6757137,19.87259419,0
15.81505612,19.87259419,0
16.22590521,19.87259419,0
16.22590521,19.87259419,0
16.22590521,19.87259419,0
16.22590521,19.87259419,0
16.22590521,19.87259419,0
16.22590521,19.87259419,0
16.49412016,19.87259419,0
16.49412016,19.87259419,0
16.75804285,19.87259419,0
17.01787296,19.87259419,0
17.01787296,19.87259419,0
17.40034482,19.87259419,0
17.52598071,19.87259419,0
17.7745886,19.87259419,0
17.7745886,19.87259419,0
17.7745886,19.87259419,0
17.7745886,19.87259419,0
17.7745886,19.87259419,0
18.01976692,19.87259419,0
18.14111353,19.87259419,0
18.14111353,19.87259419,0
18.26165381,19.87259419,0
18.26165381,19.87259419,0
18.50037837,19.87259419,0
18.73606149,19.87259419,0
18.73606149,19.87259419,0
18.8527982,19.87259419,0
18.8527982,19.87259419,0
18.96881652,19.87259419,0
19.19874996,19.87259419,0
19.19874996,19.87259419,0
19.19874996,19.87259419,0
19.19874996,19.87259419,0
19.19874996,19.87259419,0
19.65054707,19.87259419,0
19.87259419,19.87259419,0
19.87259419,19.87259419,0
19.87259419,19.87259419,0
20.20108908,19.87259419,0
20.20108908,19.87259419,0
20.30940669,19.87259419,0
20.30940669,19.87259419,0
20.52432703,19.87259419,0
20.52432703,19.87259419,0
20.52432703,19.87259419,0
20.52432703,19.87259419,0
20.73702004,19.87259419,0
20.84255263,19.87259419,0
20.84255263,19.87259419,0
20.94755356,19.87259419,0
21.15599206,19.87259419,0
21.15599206,19.87259419,0
21.15599206,19.87259419,0
21.464855,19.87259419,0
21.76933623,19.87259419,0
21.76933623,19.87259419,0
22.36586685,19.87259419,0
22.36586685,19.87259419,0
22.46374857,19.87259419,0
22.56120564,19.87259419,0
22.56120564,19.87259419,0
23.51357055,19.87259419,0
23.69945147,19.87259419,0
24.60780364,19.87259419,0
27.15113257,19.87259419,0
28.49175319,19.87259419,0
30.35588905,19.87259419,0
7.83785685,20.09218754,0
10.47377678,20.09218754,0
12.21441771,20.09218754,0
12.21441771,20.09218754,0
12.56853213,20.09218754,0
14.20732206,20.09218754,0
15.39324527,20.09218754,0
15.39324527,20.09218754,0
15.39324527,20.09218754,0
15.81505612,20.09218754,0
16.22590521,20.09218754,0
16.49412016,20.09218754,0
16.62660519,20.09218754,0
16.75804285,20.09218754,0
17.27379518,20.09218754,0
17.40034482,20.09218754,0
17.52598071,20.09218754,0
17.7745886,20.09218754,0
18.14111353,20.09218754,0
18.26165381,20.09218754,0
18.50037837,20.09218754,0
18.8527982,20.09218754,0
19.19874996,20.09218754,0
19.53857723,20.09218754,0
20.20108908,20.09218754,0
20.52432703,20.09218754,0
20.52432703,20.09218754,0
21.15599206,20.09218754,0
23.51357055,20.09218754,0
24.78547962,20.09218754,0
29.02578164,20.09218754,0
9.368030743,20.20108908,0
12.56853213,20.20108908,0
12.91293925,20.20108908,0
13.89503508,20.20108908,0
14.20732206,20.20108908,0
14.81215717,20.20108908,0
15.10549569,20.20108908,0
15.10549569,20.20108908,0
15.10549569,20.20108908,0
15.39324527,20.20108908,0
15.6757137,20.20108908,0
15.9531815,20.20108908,0
16.22590521,20.20108908,0
16.22590521,20.20108908,0
16.49412016,20.20108908,0
16.75804285,20.20108908,0
17.01787296,20.20108908,0
17.27379518,20.20108908,0
17.27379518,20.20108908,0
17.27379518,20.20108908,0
17.52598071,20.20108908,0
17.52598071,20.20108908,0
17.7745886,20.20108908,0
18.14111353,20.20108908,0
18.73606149,20.20108908,0
18.8527982,20.20108908,0
18.8527982,20.20108908,0
18.8527982,20.20108908,0
18.96881652,20.20108908,0
19.19874996,20.20108908,0
19.19874996,20.20108908,0
19.65054707,20.20108908,0
19.87259419,20.20108908,0
19.87259419,20.20108908,0
20.20108908,20.20108908,0
20.20108908,20.20108908,0
20.52432703,20.20108908,0
21.15599206,20.20108908,0
22.16880691,20.20108908,0
23.51357055,20.20108908,0
23.69945147,20.20108908,0
23.79184734,20.20108908,0
24.42883542,20.20108908,0
30.35588905,20.20108908,0
30.35588905,20.20108908,0
31.21115185,20.20108908,0
5.131081757,20.30940669,0
16.75804285,20.30940669,0
17.7745886,20.30940669,0
19.87259419,20.30940669,0
20.30940669,20.30940669,0
22.06961712,20.30940669,0
22.75486761,20.30940669,0
25.22419473,20.30940669,0
14.95954545,20.41714965,0
17.01787296,20.41714965,0
18.26165381,20.41714965,0
22.06961712,20.41714965,0
24.78547962,20.41714965,0
4.684015371,20.52432703,0
11.47344761,20.52432703,0
12.03345337,20.52432703,0
12.56853213,20.52432703,0
13.24839613,20.52432703,0
13.57556629,20.52432703,0
13.57556629,20.52432703,0
13.89503508,20.52432703,0
13.89503508,20.52432703,0
13.89503508,20.52432703,0
13.89503508,20.52432703,0
13.89503508,20.52432703,0
14.20732206,20.52432703,0
14.20732206,20.52432703,0
14.51289082,20.52432703,0
14.81215717,20.52432703,0
14.95954545,20.52432703,0
15.39324527,20.52432703,0
15.6757137,20.52432703,0
15.6757137,20.52432703,0
15.81505612,20.52432703,0
15.9531815,20.52432703,0
15.9531815,20.52432703,0
15.9531815,20.52432703,0
15.9531815,20.52432703,0
15.9531815,20.52432703,0
15.9531815,20.52432703,0
16.22590521,20.52432703,0
16.22590521,20.52432703,0
16.22590521,20.52432703,0
16.22590521,20.52432703,0
16.49412016,20.52432703,0
16.62660519,20.52432703,0
16.62660519,20.52432703,0
16.75804285,20.52432703,0
16.75804285,20.52432703,0
16.75804285,20.52432703,0
17.01787296,20.52432703,0
17.27379518,20.52432703,0
17.40034482,20.52432703,0
17.40034482,20.52432703,0
17.40034482,20.52432703,0
17.52598071,20.52432703,0
17.52598071,20.52432703,0
17.52598071,20.52432703,0
17.52598071,20.52432703,0
17.52598071,20.52432703,0
17.52598071,20.52432703,0
17.52598071,20.52432703,0
17.7745886,20.52432703,0
17.7745886,20.52432703,0
18.14111353,20.52432703,0
18.14111353,20.52432703,0
18.14111353,20.52432703,0
18.14111353,20.52432703,0
18.14111353,20.52432703,0
18.50037837,20.52432703,0
18.73606149,20.52432703,0
18.73606149,20.52432703,0
18.8527982,20.52432703,0
18.8527982,20.52432703,0
18.8527982,20.52432703,0
18.96881652,20.52432703,0
19.19874996,20.52432703,0
19.19874996,20.52432703,0
19.19874996,20.52432703,0
19.19874996,20.52432703,0
19.19874996,20.52432703,0
19.19874996,20.52432703,0
19.53857723,20.52432703,0
19.53857723,20.52432703,0
19.53857723,20.52432703,0
19.53857723,20.52432703,0
19.65054707,20.52432703,0
19.65054707,20.52432703,0
19.65054707,20.52432703,0
19.87259419,20.52432703,0
19.87259419,20.52432703,0
20.20108908,20.52432703,0
20.30940669,20.52432703,0
20.52432703,20.52432703,0
20.52432703,20.52432703,0
20.84255263,20.52432703,0
20.84255263,20.52432703,0
20.84255263,20.52432703,0
20.94755356,20.52432703,0
21.15599206,20.52432703,0
21.15599206,20.52432703,0
21.15599206,20.52432703,0
21.464855,20.52432703,0
21.56682638,20.52432703,0
21.76933623,20.52432703,0
21.76933623,20.52432703,0
21.76933623,20.52432703,0
21.76933623,20.52432703,0
22.06961712,20.52432703,0
22.06961712,20.52432703,0
22.16880691,20.52432703,0
22.36586685,20.52432703,0
22.94689521,20.52432703,0
23.32620844,20.52432703,0
23.32620844,20.52432703,0
23.42007686,20.52432703,0
23.51357055,20.52432703,0
23.69945147,20.52432703,0
24.78547962,20.52432703,0
25.22419473,20.52432703,0
25.48379877,20.52432703,0
26.49679226,20.52432703,0
26.90761974,20.52432703,0
31.63011224,20.52432703,0
37.17821943,20.52432703,0
19.19874996,20.73702004,0
19.65054707,20.73702004,0
23.79184734,20.73702004,0
29.62431434,20.73702004,0
11.84972574,20.84255263,0
11.84972574,20.84255263,0
12.39273981,20.84255263,0
12.56853213,20.84255263,0
13.24839613,20.84255263,0
13.57556629,20.84255263,0
14.20732206,20.84255263,0
14.20732206,20.84255263,0
14.81215717,20.84255263,0
15.39324527,20.84255263,0
15.81505612,20.84255263,0
16.22590521,20.84255263,0
16.22590521,20.84255263,0
16.75804285,20.84255263,0
16.75804285,20.84255263,0
16.75804285,20.84255263,0
16.75804285,20.84255263,0
17.01787296,20.84255263,0
17.27379518,20.84255263,0
17.27379518,20.84255263,0
18.50037837,20.84255263,0
18.8527982,20.84255263,0
19.19874996,20.84255263,0
19.53857723,20.84255263,0
19.53857723,20.84255263,0
19.65054707,20.84255263,0
20.84255263,20.84255263,0
21.15599206,20.84255263,0
21.76933623,20.84255263,0
24.42883542,20.84255263,0
25.13706427,20.84255263,0
26.16348601,20.84255263,0
26.16348601,20.84255263,0
29.4758206,20.84255263,0
11.84972574,20.94755356,0
12.39273981,20.94755356,0
12.56853213,20.94755356,0
12.56853213,20.94755356,0
12.91293925,20.94755356,0
12.91293925,20.94755356,0
13.24839613,20.94755356,0
13.57556629,20.94755356,0
14.20732206,20.94755356,0
14.81215717,20.94755356,0
14.81215717,20.94755356,0
14.81215717,20.94755356,0
14.81215717,20.94755356,0
15.10549569,20.94755356,0
15.39324527,20.94755356,0
15.39324527,20.94755356,0
15.39324527,20.94755356,0
15.9531815,20.94755356,0
16.22590521,20.94755356,0
16.22590521,20.94755356,0
16.62660519,20.94755356,0
16.75804285,20.94755356,0
16.75804285,20.94755356,0
16.75804285,20.94755356,0
17.01787296,20.94755356,0
17.40034482,20.94755356,0
17.52598071,20.94755356,0
17.7745886,20.94755356,0
17.7745886,20.94755356,0
17.7745886,20.94755356,0
18.01976692,20.94755356,0
18.14111353,20.94755356,0
18.14111353,20.94755356,0
18.14111353,20.94755356,0
18.14111353,20.94755356,0
18.50037837,20.94755356,0
18.50037837,20.94755356,0
18.8527982,20.94755356,0
19.19874996,20.94755356,0
19.53857723,20.94755356,0
19.65054707,20.94755356,0
19.65054707,20.94755356,0
19.87259419,20.94755356,0
20.20108908,20.94755356,0
20.52432703,20.94755356,0
20.84255263,20.94755356,0
21.464855,20.94755356,0
21.76933623,20.94755356,0
22.06961712,20.94755356,0
22.94689521,20.94755356,0
23.42007686,20.94755356,0
23.79184734,20.94755356,0
25.82587849,20.94755356,0
30.78649054,20.94755356,0
32.45181043,20.94755356,0
11.47344761,21.15599206,0
13.24839613,21.15599206,0
13.24839613,21.15599206,0
14.20732206,21.15599206,0
14.51289082,21.15599206,0
14.51289082,21.15599206,0
15.39324527,21.15599206,0
15.6757137,21.15599206,0
16.22590521,21.15599206,0
16.49412016,21.15599206,0
16.49412016,21.15599206,0
16.75804285,21.15599206,0
16.75804285,21.15599206,0
16.75804285,21.15599206,0
17.01787296,21.15599206,0
17.01787296,21.15599206,0
17.27379518,21.15599206,0
17.52598071,21.15599206,0
17.52598071,21.15599206,0
17.52598071,21.15599206,0
17.7745886,21.15599206,0
17.7745886,21.15599206,0
17.7745886,21.15599206,0
17.7745886,21.15599206,0
18.01976692,21.15599206,0
18.14111353,21.15599206,0
18.26165381,21.15599206,0
18.50037837,21.15599206,0
18.50037837,21.15599206,0
18.73606149,21.15599206,0
18.8527982,21.15599206,0
19.19874996,21.15599206,0
19.19874996,21.15599206,0
19.19874996,21.15599206,0
19.42596201,21.15599206,0
19.42596201,21.15599206,0
19.53857723,21.15599206,0
19.65054707,21.15599206,0
19.87259419,21.15599206,0
19.87259419,21.15599206,0
20.09218754,21.15599206,0
20.52432703,21.15599206,0
20.52432703,21.15599206,0
20.52432703,21.15599206,0
20.52432703,21.15599206,0
20.52432703,21.15599206,0
20.94755356,21.15599206,0
21.15599206,21.15599206,0
21.15599206,21.15599206,0
21.15599206,21.15599206,0
21.15599206,21.15599206,0
21.464855,21.15599206,0
21.464855,21.15599206,0
21.76933623,21.15599206,0
21.76933623,21.15599206,0
22.06961712,21.15599206,0
22.36586685,21.15599206,0
22.36586685,21.15599206,0
22.36586685,21.15599206,0
22.36586685,21.15599206,0
22.94689521,21.15599206,0
22.94689521,21.15599206,0
24.33885782,21.15599206,0
25.65540879,21.15599206,0
6.624198065,21.36239687,0
12.56853213,21.36239687,0
13.24839613,21.36239687,0
13.89503508,21.36239687,0
14.81215717,21.36239687,0
15.6757137,21.36239687,0
16.22590521,21.36239687,0
16.22590521,21.36239687,0
16.49412016,21.36239687,0
16.49412016,21.36239687,0
16.62660519,21.36239687,0
16.75804285,21.36239687,0
17.27379518,21.36239687,0
18.01976692,21.36239687,0
18.14111353,21.36239687,0
18.50037837,21.36239687,0
18.50037837,21.36239687,0
18.73606149,21.36239687,0
18.73606149,21.36239687,0
18.8527982,21.36239687,0
19.19874996,21.36239687,0
19.19874996,21.36239687,0
19.53857723,21.36239687,0
19.65054707,21.36239687,0
19.65054707,21.36239687,0
19.87259419,21.36239687,0
19.87259419,21.36239687,0
20.20108908,21.36239687,0
20.52432703,21.36239687,0
20.52432703,21.36239687,0
20.94755356,21.36239687,0
21.15599206,21.36239687,0
21.76933623,21.36239687,0
24.78547962,21.36239687,0
34.03574592,21.36239687,0
10.26216351,21.464855,0
12.03345337,21.464855,0
13.57556629,21.464855,0
13.57556629,21.464855,0
14.05204611,21.464855,0
14.51289082,21.464855,0
14.51289082,21.464855,0
15.10549569,21.464855,0
15.39324527,21.464855,0
15.39324527,21.464855,0
15.39324527,21.464855,0
16.22590521,21.464855,0
16.75804285,21.464855,0
17.01787296,21.464855,0
17.27379518,21.464855,0
17.52598071,21.464855,0
17.7745886,21.464855,0
17.7745886,21.464855,0
18.01976692,21.464855,0
18.01976692,21.464855,0
18.14111353,21.464855,0
18.26165381,21.464855,0
18.50037837,21.464855,0
18.73606149,21.464855,0
18.8527982,21.464855,0
18.8527982,21.464855,0
18.8527982,21.464855,0
18.8527982,21.464855,0
18.96881652,21.464855,0
19.19874996,21.464855,0
19.19874996,21.464855,0
19.53857723,21.464855,0
19.53857723,21.464855,0
19.87259419,21.464855,0
20.09218754,21.464855,0
20.09218754,21.464855,0
20.20108908,21.464855,0
20.52432703,21.464855,0
20.52432703,21.464855,0
20.84255263,21.464855,0
20.94755356,21.464855,0
21.15599206,21.464855,0
21.15599206,21.464855,0
21.36239687,21.464855,0
21.464855,21.464855,0
21.464855,21.464855,0
21.464855,21.464855,0
21.76933623,21.464855,0
21.76933623,21.464855,0
22.16880691,21.464855,0
22.36586685,21.464855,0
22.94689521,21.464855,0
23.51357055,21.464855,0
23.51357055,21.464855,0
23.88388578,21.464855,0
25.13706427,21.464855,0
29.9190909,21.464855,0
16.22590521,21.56682638,0
19.19874996,21.56682638,0
11.08440346,21.76933623,0
11.84972574,21.76933623,0
13.57556629,21.76933623,0
13.57556629,21.76933623,0
13.89503508,21.76933623,0
14.51289082,21.76933623,0
14.81215717,21.76933623,0
14.81215717,21.76933623,0
15.10549569,21.76933623,0
15.10549569,21.76933623,0
15.39324527,21.76933623,0
15.39324527,21.76933623,0
15.39324527,21.76933623,0
15.39324527,21.76933623,0
15.39324527,21.76933623,0
15.6757137,21.76933623,0
15.6757137,21.76933623,0
15.9531815,21.76933623,0
16.22590521,21.76933623,0
16.22590521,21.76933623,0
16.22590521,21.76933623,0
16.22590521,21.76933623,0
16.22590521,21.76933623,0
16.49412016,21.76933623,0
16.49412016,21.76933623,0
16.75804285,21.76933623,0
16.75804285,21.76933623,0
17.01787296,21.76933623,0
17.01787296,21.76933623,0
17.52598071,21.76933623,0
17.7745886,21.76933623,0
17.7745886,21.76933623,0
17.7745886,21.76933623,0
17.7745886,21.76933623,0
18.01976692,21.76933623,0
18.01976692,21.76933623,0
18.01976692,21.76933623,0
18.01976692,21.76933623,0
18.50037837,21.76933623,0
18.50037837,21.76933623,0
18.73606149,21.76933623,0
18.73606149,21.76933623,0
18.8527982,21.76933623,0
18.8527982,21.76933623,0
18.8527982,21.76933623,0
18.8527982,21.76933623,0
19.19874996,21.76933623,0
19.19874996,21.76933623,0
19.19874996,21.76933623,0
19.19874996,21.76933623,0
19.19874996,21.76933623,0
19.19874996,21.76933623,0
19.53857723,21.76933623,0
19.53857723,21.76933623,0
19.53857723,21.76933623,0
19.87259419,21.76933623,0
19.87259419,21.76933623,0
19.87259419,21.76933623,0
19.87259419,21.76933623,0
19.87259419,21.76933623,0
20.20108908,21.76933623,0
20.52432703,21.76933623,0
20.52432703,21.76933623,0
20.52432703,21.76933623,0
20.52432703,21.76933623,0
20.52432703,21.76933623,0
20.52432703,21.76933623,0
20.84255263,21.76933623,0
20.84255263,21.76933623,0
20.84255263,21.76933623,0
20.94755356,21.76933623,0
20.94755356,21.76933623,0
21.15599206,21.76933623,0
21.464855,21.76933623,0
21.464855,21.76933623,0
21.76933623,21.76933623,0
21.96997952,21.76933623,0
22.36586685,21.76933623,0
22.56120564,21.76933623,0
22.94689521,21.76933623,0
22.94689521,21.76933623,0
22.94689521,21.76933623,0
22.94689521,21.76933623,0
23.23196074,21.76933623,0
23.32620844,21.76933623,0
23.51357055,21.76933623,0
23.51357055,21.76933623,0
23.51357055,21.76933623,0
23.69945147,21.76933623,0
23.69945147,21.76933623,0
24.06690674,21.76933623,0
24.33885782,21.76933623,0
24.78547962,21.76933623,0
26.16348601,21.76933623,0
26.16348601,21.76933623,0
26.16348601,21.76933623,0
26.49679226,21.76933623,0
28.41464411,21.76933623,0
15.10549569,21.96997952,0
16.22590521,21.96997952,0
16.49412016,21.96997952,0
16.62660519,21.96997952,0
17.01787296,21.96997952,0
17.7745886,21.96997952,0
18.14111353,21.96997952,0
18.14111353,21.96997952,0
18.50037837,21.96997952,0
18.50037837,21.96997952,0
18.50037837,21.96997952,0
18.8527982,21.96997952,0
18.8527982,21.96997952,0
18.96881652,21.96997952,0
19.19874996,21.96997952,0
19.65054707,21.96997952,0
19.87259419,21.96997952,0
19.87259419,21.96997952,0
20.09218754,21.96997952,0
22.06961712,21.96997952,0
23.32620844,21.96997952,0
24.42883542,21.96997952,0
9.59937498,22.06961712,0
12.39273981,22.06961712,0
13.081743,22.06961712,0
13.24839613,22.06961712,0
15.39324527,22.06961712,0
15.9531815,22.06961712,0
16.49412016,22.06961712,0
16.75804285,22.06961712,0
16.75804285,22.06961712,0
17.01787296,22.06961712,0
17.27379518,22.06961712,0
17.52598071,22.06961712,0
17.52598071,22.06961712,0
17.52598071,22.06961712,0
17.7745886,22.06961712,0
18.01976692,22.06961712,0
18.14111353,22.06961712,0
19.19874996,22.06961712,0
19.19874996,22.06961712,0
19.42596201,22.06961712,0
19.53857723,22.06961712,0
19.87259419,22.06961712,0
19.87259419,22.06961712,0
20.20108908,22.06961712,0
20.52432703,22.06961712,0
20.52432703,22.06961712,0
20.52432703,22.06961712,0
20.94755356,22.06961712,0
21.76933623,22.06961712,0
21.76933623,22.06961712,0
22.06961712,22.06961712,0
22.65824353,22.06961712,0
22.94689521,22.06961712,0
23.51357055,22.06961712,0
24.42883542,22.06961712,0
24.42883542,22.06961712,0
28.49175319,22.06961712,0
11.47344761,22.16880691,0
13.24839613,22.16880691,0
13.24839613,22.16880691,0
13.57556629,22.16880691,0
13.89503508,22.16880691,0
15.39324527,22.16880691,0
15.9531815,22.16880691,0
16.22590521,22.16880691,0
16.22590521,22.16880691,0
16.75804285,22.16880691,0
16.75804285,22.16880691,0
17.27379518,22.16880691,0
18.14111353,22.16880691,0
18.14111353,22.16880691,0
18.50037837,22.16880691,0
18.50037837,22.16880691,0
18.50037837,22.16880691,0
18.8527982,22.16880691,0
19.19874996,22.16880691,0
19.87259419,22.16880691,0
20.09218754,22.16880691,0
20.20108908,22.16880691,0
20.52432703,22.16880691,0
21.15599206,22.16880691,0
21.15599206,22.16880691,0
21.76933623,22.16880691,0
21.76933623,22.16880691,0
21.76933623,22.16880691,0
22.06961712,22.16880691,0
22.16880691,22.16880691,0
23.69945147,22.16880691,0
23.69945147,22.16880691,0
23.69945147,22.16880691,0
24.33885782,22.16880691,0
25.48379877,22.16880691,0
25.82587849,22.16880691,0
11.47344761,22.36586685,0
13.57556629,22.36586685,0
13.73622947,22.36586685,0
15.10549569,22.36586685,0
15.81505612,22.36586685,0
16.22590521,22.36586685,0
16.22590521,22.36586685,0
16.75804285,22.36586685,0
16.75804285,22.36586685,0
17.01787296,22.36586685,0
17.7745886,22.36586685,0
18.01976692,22.36586685,0
18.01976692,22.36586685,0
18.01976692,22.36586685,0
18.01976692,22.36586685,0
18.01976692,22.36586685,0
18.14111353,22.36586685,0
18.73606149,22.36586685,0
18.8527982,22.36586685,0
19.19874996,22.36586685,0
19.19874996,22.36586685,0
19.53857723,22.36586685,0
19.65054707,22.36586685,0
19.87259419,22.36586685,0
20.09218754,22.36586685,0
20.52432703,22.36586685,0
20.52432703,22.36586685,0
20.84255263,22.36586685,0
20.94755356,22.36586685,0
21.15599206,22.36586685,0
21.36239687,22.36586685,0
21.464855,22.36586685,0
22.94689521,22.36586685,0
22.94689521,22.36586685,0
23.23196074,22.36586685,0
23.51357055,22.36586685,0
23.69945147,22.36586685,0
23.79184734,22.36586685,0
24.33885782,22.36586685,0
24.60780364,22.36586685,0
29.02578164,22.36586685,0
11.08440346,22.46374857,0
13.24839613,22.46374857,0
13.89503508,22.46374857,0
15.39324527,22.46374857,0
17.7745886,22.46374857,0
17.7745886,22.46374857,0
18.50037837,22.46374857,0
18.50037837,22.46374857,0
18.50037837,22.46374857,0
18.8527982,22.46374857,0
19.19874996,22.46374857,0
19.65054707,22.46374857,0
21.15599206,22.46374857,0
22.06961712,22.46374857,0
22.94689521,22.46374857,0
13.24839613,22.56120564,0
14.81215717,22.56120564,0
14.81215717,22.56120564,0
15.39324527,22.56120564,0
16.22590521,22.56120564,0
16.22590521,22.56120564,0
16.75804285,22.56120564,0
17.40034482,22.56120564,0
17.52598071,22.56120564,0
17.52598071,22.56120564,0
17.52598071,22.56120564,0
17.7745886,22.56120564,0
18.50037837,22.56120564,0
18.8527982,22.56120564,0
18.8527982,22.56120564,0
19.19874996,22.56120564,0
19.19874996,22.56120564,0
19.19874996,22.56120564,0
19.19874996,22.56120564,0
19.19874996,22.56120564,0
19.53857723,22.56120564,0
19.65054707,22.56120564,0
20.09218754,22.56120564,0
20.20108908,22.56120564,0
20.20108908,22.56120564,0
20.20108908,22.56120564,0
20.52432703,22.56120564,0
20.52432703,22.56120564,0
20.84255263,22.56120564,0
20.84255263,22.56120564,0
21.15599206,22.56120564,0
21.464855,22.56120564,0
21.464855,22.56120564,0
22.94689521,22.56120564,0
24.42883542,22.56120564,0
26.49679226,22.56120564,0
26.90761974,22.56120564,0
7.256445411,22.65824353,0
12.21441771,22.65824353,0
12.39273981,22.65824353,0
14.81215717,22.65824353,0
15.39324527,22.65824353,0
15.39324527,22.65824353,0
15.5351215,22.65824353,0
16.49412016,22.65824353,0
16.49412016,22.65824353,0
16.75804285,22.65824353,0
17.7745886,22.65824353,0
17.7745886,22.65824353,0
17.7745886,22.65824353,0
18.26165381,22.65824353,0
18.50037837,22.65824353,0
18.8527982,22.65824353,0
18.96881652,22.65824353,0
19.87259419,22.65824353,0
20.20108908,22.65824353,0
20.52432703,22.65824353,0
20.52432703,22.65824353,0
21.464855,22.65824353,0
21.76933623,22.65824353,0
21.76933623,22.65824353,0
22.16880691,22.65824353,0
22.56120564,22.65824353,0
23.23196074,22.65824353,0
25.91069277,22.65824353,0
26.6618829,22.65824353,0
25.65540879,22.75486761,0
37.17821943,22.75486761,0
14.51289082,22.85108313,0
6.947517542,22.94689521,0
10.47377678,22.94689521,0
10.68119843,22.94689521,0
13.57556629,22.94689521,0
13.89503508,22.94689521,0
14.05204611,22.94689521,0
14.05204611,22.94689521,0
14.20732206,22.94689521,0
14.20732206,22.94689521,0
14.51289082,22.94689521,0
14.51289082,22.94689521,0
15.10549569,22.94689521,0
15.10549569,22.94689521,0
15.39324527,22.94689521,0
15.39324527,22.94689521,0
15.6757137,22.94689521,0
15.9531815,22.94689521,0
15.9531815,22.94689521,0
16.22590521,22.94689521,0
16.22590521,22.94689521,0
16.22590521,22.94689521,0
16.49412016,22.94689521,0
16.62660519,22.94689521,0
16.75804285,22.94689521,0
16.75804285,22.94689521,0
16.75804285,22.94689521,0
16.75804285,22.94689521,0
16.75804285,22.94689521,0
16.75804285,22.94689521,0
17.01787296,22.94689521,0
17.01787296,22.94689521,0
17.27379518,22.94689521,0
17.40034482,22.94689521,0
17.40034482,22.94689521,0
17.40034482,22.94689521,0
17.52598071,22.94689521,0
17.52598071,22.94689521,0
17.52598071,22.94689521,0
17.7745886,22.94689521,0
17.7745886,22.94689521,0
17.7745886,22.94689521,0
17.7745886,22.94689521,0
18.01976692,22.94689521,0
18.01976692,22.94689521,0
18.01976692,22.94689521,0
18.14111353,22.94689521,0
18.14111353,22.94689521,0
18.14111353,22.94689521,0
18.14111353,22.94689521,0
18.14111353,22.94689521,0
18.26165381,22.94689521,0
18.26165381,22.94689521,0
18.50037837,22.94689521,0
18.50037837,22.94689521,0
18.50037837,22.94689521,0
18.50037837,22.94689521,0
18.50037837,22.94689521,0
18.73606149,22.94689521,0
18.73606149,22.94689521,0
18.73606149,22.94689521,0
18.73606149,22.94689521,0
19.19874996,22.94689521,0
19.19874996,22.94689521,0
19.19874996,22.94689521,0
19.19874996,22.94689521,0
19.19874996,22.94689521,0
19.19874996,22.94689521,0
19.19874996,22.94689521,0
19.42596201,22.94689521,0
19.42596201,22.94689521,0
19.53857723,22.94689521,0
19.53857723,22.94689521,0
19.53857723,22.94689521,0
19.87259419,22.94689521,0
19.87259419,22.94689521,0
19.87259419,22.94689521,0
19.87259419,22.94689521,0
20.09218754,22.94689521,0
20.09218754,22.94689521,0
20.20108908,22.94689521,0
20.30940669,22.94689521,0
20.52432703,22.94689521,0
20.52432703,22.94689521,0
20.52432703,22.94689521,0
20.84255263,22.94689521,0
20.94755356,22.94689521,0
21.15599206,22.94689521,0
21.15599206,22.94689521,0
21.15599206,22.94689521,0
21.15599206,22.94689521,0
21.15599206,22.94689521,0
21.15599206,22.94689521,0
21.464855,22.94689521,0
21.464855,22.94689521,0
21.464855,22.94689521,0
21.464855,22.94689521,0
21.76933623,22.94689521,0
21.76933623,22.94689521,0
21.76933623,22.94689521,0
21.76933623,22.94689521,0
21.96997952,22.94689521,0
22.06961712,22.94689521,0
22.06961712,22.94689521,0
22.06961712,22.94689521,0
22.06961712,22.94689521,0
22.36586685,22.94689521,0
22.65824353,22.94689521,0
22.94689521,22.94689521,0
22.94689521,22.94689521,0
22.94689521,22.94689521,0
23.23196074,22.94689521,0
23.23196074,22.94689521,0
23.69945147,22.94689521,0
24.06690674,22.94689521,0
24.33885782,22.94689521,0
24.33885782,22.94689521,0
24.33885782,22.94689521,0
24.42883542,22.94689521,0
24.42883542,22.94689521,0
24.60780364,22.94689521,0
24.87384168,22.94689521,0
27.15113257,22.94689521,0
27.6317209,22.94689521,0
28.10409223,22.94689521,0
43.53867246,22.94689521,0
21.15599206,23.13732915,0
13.24839613,23.23196074,0
17.01787296,23.23196074,0
17.52598071,23.23196074,0
18.01976692,23.23196074,0
18.26165381,23.23196074,0
18.73606149,23.23196074,0
19.19874996,23.23196074,0
20.20108908,23.23196074,0
21.464855,23.23196074,0
21.76933623,23.23196074,0
23.23196074,23.23196074,0
24.78547962,23.23196074,0
28.10409223,23.23196074,0
28.10409223,23.23196074,0
14.20732206,23.32620844,0
15.9531815,23.32620844,0
16.49412016,23.32620844,0
17.01787296,23.32620844,0
17.01787296,23.32620844,0
18.01976692,23.32620844,0
18.14111353,23.32620844,0
18.26165381,23.32620844,0
18.26165381,23.32620844,0
18.50037837,23.32620844,0
18.50037837,23.32620844,0
18.50037837,23.32620844,0
18.8527982,23.32620844,0
18.8527982,23.32620844,0
19.19874996,23.32620844,0
19.19874996,23.32620844,0
19.42596201,23.32620844,0
19.53857723,23.32620844,0
19.53857723,23.32620844,0
19.65054707,23.32620844,0
19.87259419,23.32620844,0
20.84255263,23.32620844,0
21.15599206,23.32620844,0
21.15599206,23.32620844,0
21.15599206,23.32620844,0
21.464855,23.32620844,0
22.65824353,23.32620844,0
24.78547962,23.32620844,0
29.9190909,23.32620844,0
30.85767328,23.32620844,0
14.20732206,23.42007686,0
14.81215717,23.42007686,0
16.22590521,23.42007686,0
17.01787296,23.42007686,0
17.27379518,23.42007686,0
17.7745886,23.42007686,0
17.7745886,23.42007686,0
18.14111353,23.42007686,0
18.14111353,23.42007686,0
18.26165381,23.42007686,0
18.8527982,23.42007686,0
19.19874996,23.42007686,0
19.19874996,23.42007686,0
19.53857723,23.42007686,0
19.65054707,23.42007686,0
19.87259419,23.42007686,0
19.87259419,23.42007686,0
19.87259419,23.42007686,0
20.20108908,23.42007686,0
20.52432703,23.42007686,0
21.76933623,23.42007686,0
21.76933623,23.42007686,0
22.06961712,23.42007686,0
22.46374857,23.42007686,0
22.56120564,23.42007686,0
22.94689521,23.42007686,0
23.69945147,23.42007686,0
24.42883542,23.42007686,0
24.60780364,23.42007686,0
12.56853213,23.51357055,0
13.24839613,23.51357055,0
14.51289082,23.51357055,0
14.51289082,23.51357055,0
15.10549569,23.51357055,0
15.39324527,23.51357055,0
15.6757137,23.51357055,0
16.75804285,23.51357055,0
17.01787296,23.51357055,0
17.27379518,23.51357055,0
17.40034482,23.51357055,0
17.7745886,23.51357055,0
18.01976692,23.51357055,0
18.14111353,23.51357055,0
18.26165381,23.51357055,0
18.50037837,23.51357055,0
18.96881652,23.51357055,0
19.19874996,23.51357055,0
19.19874996,23.51357055,0
19.53857723,23.51357055,0
19.87259419,23.51357055,0
20.52432703,23.51357055,0
21.15599206,23.51357055,0
21.76933623,23.51357055,0
22.06961712,23.51357055,0
22.36586685,23.51357055,0
22.36586685,23.51357055,0
22.36586685,23.51357055,0
22.94689521,23.51357055,0
23.51357055,23.51357055,0
23.51357055,23.51357055,0
24.87384168,23.51357055,0
25.39755894,23.51357055,0
8.887294301,23.69945147,0
11.08440346,23.69945147,0
14.20732206,23.69945147,0
14.81215717,23.69945147,0
15.39324527,23.69945147,0
15.39324527,23.69945147,0
16.22590521,23.69945147,0
16.22590521,23.69945147,0
16.22590521,23.69945147,0
16.75804285,23.69945147,0
16.75804285,23.69945147,0
16.75804285,23.69945147,0
16.75804285,23.69945147,0
17.01787296,23.69945147,0
17.7745886,23.69945147,0
17.7745886,23.69945147,0
18.01976692,23.69945147,0
18.01976692,23.69945147,0
18.14111353,23.69945147,0
18.26165381,23.69945147,0
18.50037837,23.69945147,0
18.73606149,23.69945147,0
18.8527982,23.69945147,0
18.96881652,23.69945147,0
18.96881652,23.69945147,0
19.19874996,23.69945147,0
19.19874996,23.69945147,0
19.53857723,23.69945147,0
19.53857723,23.69945147,0
19.53857723,23.69945147,0
19.65054707,23.69945147,0
19.65054707,23.69945147,0
19.87259419,23.69945147,0
19.87259419,23.69945147,0
20.52432703,23.69945147,0
20.52432703,23.69945147,0
20.84255263,23.69945147,0
21.15599206,23.69945147,0
21.464855,23.69945147,0
21.464855,23.69945147,0
21.464855,23.69945147,0
21.76933623,23.69945147,0
21.76933623,23.69945147,0
21.76933623,23.69945147,0
22.06961712,23.69945147,0
22.36586685,23.69945147,0
22.65824353,23.69945147,0
22.94689521,23.69945147,0
22.94689521,23.69945147,0
23.51357055,23.69945147,0
23.69945147,23.69945147,0
24.06690674,23.69945147,0
24.78547962,23.69945147,0
24.78547962,23.69945147,0
24.78547962,23.69945147,0
25.82587849,23.69945147,0
26.16348601,23.69945147,0
29.25166662,23.69945147,0
17.7745886,23.79184734,0
18.26165381,23.79184734,0
18.8527982,23.79184734,0
19.42596201,23.79184734,0
19.42596201,23.79184734,0
20.52432703,23.79184734,0
21.15599206,23.79184734,0
21.76933623,23.79184734,0
22.36586685,23.79184734,0
23.79184734,23.79184734,0
24.06690674,23.79184734,0
24.33885782,23.79184734,0
24.33885782,23.79184734,0
29.62431434,23.79184734,0
14.81215717,23.88388578,0
15.9531815,23.88388578,0
17.01787296,23.88388578,0
17.01787296,23.88388578,0
17.7745886,23.88388578,0
18.14111353,23.88388578,0
18.50037837,23.88388578,0
18.50037837,23.88388578,0
18.8527982,23.88388578,0
19.19874996,23.88388578,0
19.53857723,23.88388578,0
19.87259419,23.88388578,0
19.87259419,23.88388578,0
20.20108908,23.88388578,0
20.84255263,23.88388578,0
20.84255263,23.88388578,0
21.15599206,23.88388578,0
21.76933623,23.88388578,0
22.94689521,23.88388578,0
23.69945147,23.88388578,0
24.33885782,23.88388578,0
9.368030743,24.06690674,0
14.20732206,24.06690674,0
14.20732206,24.06690674,0
14.51289082,24.06690674,0
15.6757137,24.06690674,0
16.22590521,24.06690674,0
16.62660519,24.06690674,0
16.75804285,24.06690674,0
16.75804285,24.06690674,0
17.27379518,24.06690674,0
17.40034482,24.06690674,0
17.52598071,24.06690674,0
17.52598071,24.06690674,0
17.7745886,24.06690674,0
18.01976692,24.06690674,0
18.01976692,24.06690674,0
18.26165381,24.06690674,0
18.50037837,24.06690674,0
18.50037837,24.06690674,0
18.73606149,24.06690674,0
18.73606149,24.06690674,0
18.8527982,24.06690674,0
19.53857723,24.06690674,0
19.65054707,24.06690674,0
19.65054707,24.06690674,0
19.87259419,24.06690674,0
19.87259419,24.06690674,0
19.87259419,24.06690674,0
20.09218754,24.06690674,0
20.20108908,24.06690674,0
20.84255263,24.06690674,0
20.94755356,24.06690674,0
21.464855,24.06690674,0
21.464855,24.06690674,0
21.76933623,24.06690674,0
21.76933623,24.06690674,0
22.56120564,24.06690674,0
22.94689521,24.06690674,0
23.23196074,24.06690674,0
23.23196074,24.06690674,0
23.51357055,24.06690674,0
24.06690674,24.06690674,0
24.42883542,24.06690674,0
24.87384168,24.06690674,0
24.87384168,24.06690674,0
25.48379877,24.06690674,0
26.16348601,24.06690674,0
26.49679226,24.06690674,0
14.20732206,24.33885782,0
15.9531815,24.33885782,0
16.22590521,24.33885782,0
17.27379518,24.33885782,0
17.52598071,24.33885782,0
17.52598071,24.33885782,0
17.52598071,24.33885782,0
17.52598071,24.33885782,0
17.7745886,24.33885782,0
17.7745886,24.33885782,0
17.7745886,24.33885782,0
18.01976692,24.33885782,0
18.14111353,24.33885782,0
18.14111353,24.33885782,0
18.14111353,24.33885782,0
18.50037837,24.33885782,0
18.73606149,24.33885782,0
18.73606149,24.33885782,0
18.8527982,24.33885782,0
19.19874996,24.33885782,0
19.19874996,24.33885782,0
19.19874996,24.33885782,0
19.42596201,24.33885782,0
19.42596201,24.33885782,0
19.53857723,24.33885782,0
19.53857723,24.33885782,0
19.87259419,24.33885782,0
19.87259419,24.33885782,0
20.20108908,24.33885782,0
20.20108908,24.33885782,0
20.30940669,24.33885782,0
20.52432703,24.33885782,0
20.52432703,24.33885782,0
20.84255263,24.33885782,0
20.94755356,24.33885782,0
21.15599206,24.33885782,0
21.36239687,24.33885782,0
21.464855,24.33885782,0
21.464855,24.33885782,0
21.76933623,24.33885782,0
21.76933623,24.33885782,0
21.76933623,24.33885782,0
23.23196074,24.33885782,0
23.51357055,24.33885782,0
24.06690674,24.33885782,0
24.87384168,24.33885782,0
26.6618829,24.33885782,0
28.41464411,24.33885782,0
31.63011224,24.33885782,0
32.7881076,24.33885782,0
6.624198065,24.42883542,0
15.10549569,24.42883542,0
15.10549569,24.42883542,0
15.10549569,24.42883542,0
15.6757137,24.42883542,0
16.22590521,24.42883542,0
16.49412016,24.42883542,0
17.52598071,24.42883542,0
17.52598071,24.42883542,0
17.7745886,24.42883542,0
17.7745886,24.42883542,0
17.7745886,24.42883542,0
18.14111353,24.42883542,0
18.14111353,24.42883542,0
18.96881652,24.42883542,0
19.19874996,24.42883542,0
19.53857723,24.42883542,0
19.53857723,24.42883542,0
19.87259419,24.42883542,0
19.87259419,24.42883542,0
21.464855,24.42883542,0
22.36586685,24.42883542,0
22.94689521,24.42883542,0
22.94689521,24.42883542,0
22.94689521,24.42883542,0
23.23196074,24.42883542,0
23.51357055,24.42883542,0
24.06690674,24.42883542,0
24.42883542,24.42883542,0
24.87384168,24.42883542,0
27.71100864,24.42883542,0
29.02578164,24.42883542,0
8.887294301,24.60780364,0
13.24839613,24.60780364,0
14.51289082,24.60780364,0
15.10549569,24.60780364,0
15.6757137,24.60780364,0
17.01787296,24.60780364,0
17.40034482,24.60780364,0
18.14111353,24.60780364,0
18.50037837,24.60780364,0
19.42596201,24.60780364,0
21.36239687,24.60780364,0
22.16880691,24.60780364,0
22.65824353,24.60780364,0
23.79184734,24.60780364,0
25.48379877,24.60780364,0
27.71100864,24.60780364,0
32.31631167,24.60780364,0
11.47344761,24.78547962,0
14.20732206,24.78547962,0
14.20732206,24.78547962,0
15.39324527,24.78547962,0
15.39324527,24.78547962,0
15.39324527,24.78547962,0
15.6757137,24.78547962,0
15.9531815,24.78547962,0
15.9531815,24.78547962,0
16.22590521,24.78547962,0
17.01787296,24.78547962,0
17.27379518,24.78547962,0
17.7745886,24.78547962,0
17.7745886,24.78547962,0
18.01976692,24.78547962,0
18.14111353,24.78547962,0
18.26165381,24.78547962,0
18.96881652,24.78547962,0
19.19874996,24.78547962,0
19.19874996,24.78547962,0
19.19874996,24.78547962,0
19.19874996,24.78547962,0
19.42596201,24.78547962,0
19.42596201,24.78547962,0
19.87259419,24.78547962,0
19.87259419,24.78547962,0
19.87259419,24.78547962,0
19.87259419,24.78547962,0
20.20108908,24.78547962,0
20.30940669,24.78547962,0
20.52432703,24.78547962,0
20.52432703,24.78547962,0
21.15599206,24.78547962,0
21.15599206,24.78547962,0
21.15599206,24.78547962,0
21.15599206,24.78547962,0
21.464855,24.78547962,0
21.464855,24.78547962,0
21.464855,24.78547962,0
21.464855,24.78547962,0
21.76933623,24.78547962,0
21.76933623,24.78547962,0
21.76933623,24.78547962,0
21.76933623,24.78547962,0
22.36586685,24.78547962,0
22.36586685,24.78547962,0
22.56120564,24.78547962,0
22.65824353,24.78547962,0
22.94689521,24.78547962,0
23.23196074,24.78547962,0
23.51357055,24.78547962,0
23.69945147,24.78547962,0
24.33885782,24.78547962,0
24.42883542,24.78547962,0
25.48379877,24.78547962,0
25.82587849,24.78547962,0
26.90761974,24.78547962,0
27.47245894,24.78547962,0
29.02578164,24.78547962,0
29.02578164,24.78547962,0
29.32657498,24.78547962,0
30.35588905,24.78547962,0
32.11199153,24.78547962,0
13.24839613,24.87384168,0
14.51289082,24.87384168,0
16.22590521,24.87384168,0
17.01787296,24.87384168,0
19.19874996,24.87384168,0
19.19874996,24.87384168,0
21.15599206,24.87384168,0
21.76933623,24.87384168,0
22.94689521,24.87384168,0
23.23196074,24.87384168,0
26.16348601,24.87384168,0
17.01787296,24.96189095,0
8.379021423,25.13706427,0
8.887294301,25.13706427,0
13.57556629,25.13706427,0
14.20732206,25.13706427,0
14.51289082,25.13706427,0
16.22590521,25.13706427,0
16.22590521,25.13706427,0
16.75804285,25.13706427,0
16.75804285,25.13706427,0
17.01787296,25.13706427,0
17.7745886,25.13706427,0
18.14111353,25.13706427,0
18.14111353,25.13706427,0
18.50037837,25.13706427,0
18.50037837,25.13706427,0
18.50037837,25.13706427,0
19.19874996,25.13706427,0
19.53857723,25.13706427,0
19.53857723,25.13706427,0
19.87259419,25.13706427,0
20.09218754,25.13706427,0
20.09218754,25.13706427,0
20.52432703,25.13706427,0
20.52432703,25.13706427,0
21.15599206,25.13706427,0
21.15599206,25.13706427,0
21.464855,25.13706427,0
21.76933623,25.13706427,0
22.06961712,25.13706427,0
22.06961712,25.13706427,0
22.16880691,25.13706427,0
22.36586685,25.13706427,0
22.94689521,25.13706427,0
22.94689521,25.13706427,0
22.94689521,25.13706427,0
23.23196074,25.13706427,0
23.32620844,25.13706427,0
23.69945147,25.13706427,0
24.06690674,25.13706427,0
24.87384168,25.13706427,0
25.82587849,25.13706427,0
25.82587849,25.13706427,0
25.82587849,25.13706427,0
25.99523033,25.13706427,0
26.16348601,25.13706427,0
26.49679226,25.13706427,0
26.49679226,25.13706427,0
15.9531815,25.22419473,0
16.62660519,25.22419473,0
16.75804285,25.22419473,0
16.75804285,25.22419473,0
17.52598071,25.22419473,0
17.7745886,25.22419473,0
19.53857723,25.22419473,0
19.53857723,25.22419473,0
19.87259419,25.22419473,0
20.20108908,25.22419473,0
20.20108908,25.22419473,0
20.52432703,25.22419473,0
20.52432703,25.22419473,0
20.52432703,25.22419473,0
20.94755356,25.22419473,0
21.15599206,25.22419473,0
21.464855,25.22419473,0
24.33885782,25.22419473,0
24.42883542,25.22419473,0
24.78547962,25.22419473,0
25.13706427,25.22419473,0
25.13706427,25.22419473,0
28.10409223,25.22419473,0
16.22590521,25.39755894,0
19.53857723,25.39755894,0
20.20108908,25.39755894,0
22.06961712,25.39755894,0
22.65824353,25.39755894,0
23.23196074,25.39755894,0
23.51357055,25.39755894,0
6.284266067,25.48379877,0
14.81215717,25.48379877,0
15.6757137,25.48379877,0
15.6757137,25.48379877,0
16.22590521,25.48379877,0
16.75804285,25.48379877,0
17.01787296,25.48379877,0
17.40034482,25.48379877,0
18.01976692,25.48379877,0
18.14111353,25.48379877,0
18.50037837,25.48379877,0
18.8527982,25.48379877,0
19.19874996,25.48379877,0
19.19874996,25.48379877,0
19.87259419,25.48379877,0
20.52432703,25.48379877,0
20.84255263,25.48379877,0
21.15599206,25.48379877,0
21.464855,25.48379877,0
21.76933623,25.48379877,0
21.96997952,25.48379877,0
22.94689521,25.48379877,0
23.23196074,25.48379877,0
23.32620844,25.48379877,0
23.51357055,25.48379877,0
24.33885782,25.48379877,0
24.87384168,25.48379877,0
25.82587849,25.48379877,0
12.21441771,25.65540879,0
12.56853213,25.65540879,0
14.81215717,25.65540879,0
15.39324527,25.65540879,0
15.6757137,25.65540879,0
16.22590521,25.65540879,0
16.22590521,25.65540879,0
16.22590521,25.65540879,0
16.75804285,25.65540879,0
16.75804285,25.65540879,0
16.75804285,25.65540879,0
17.01787296,25.65540879,0
17.27379518,25.65540879,0
17.27379518,25.65540879,0
18.01976692,25.65540879,0
18.14111353,25.65540879,0
18.50037837,25.65540879,0
18.8527982,25.65540879,0
19.19874996,25.65540879,0
19.19874996,25.65540879,0
19.19874996,25.65540879,0
19.53857723,25.65540879,0
19.53857723,25.65540879,0
19.53857723,25.65540879,0
19.53857723,25.65540879,0
19.87259419,25.65540879,0
19.87259419,25.65540879,0
19.87259419,25.65540879,0
19.87259419,25.65540879,0
20.20108908,25.65540879,0
20.52432703,25.65540879,0
20.52432703,25.65540879,0
20.52432703,25.65540879,0
20.84255263,25.65540879,0
20.94755356,25.65540879,0
20.94755356,25.65540879,0
21.15599206,25.65540879,0
21.15599206,25.65540879,0
21.15599206,25.65540879,0
21.464855,25.65540879,0
21.464855,25.65540879,0
21.464855,25.65540879,0
22.06961712,25.65540879,0
22.06961712,25.65540879,0
22.36586685,25.65540879,0
22.36586685,25.65540879,0
22.56120564,25.65540879,0
22.65824353,25.65540879,0
22.65824353,25.65540879,0
22.65824353,25.65540879,0
22.94689521,25.65540879,0
22.94689521,25.65540879,0
23.23196074,25.65540879,0
23.69945147,25.65540879,0
23.69945147,25.65540879,0
24.60780364,25.65540879,0
26.82595758,25.65540879,0
32.11199153,25.65540879,0
15.6757137,25.82587849,0
16.22590521,25.82587849,0
16.75804285,25.82587849,0
17.52598071,25.82587849,0
18.50037837,25.82587849,0
18.50037837,25.82587849,0
18.50037837,25.82587849,0
18.73606149,25.82587849,0
21.464855,25.82587849,0
21.76933623,25.82587849,0
22.36586685,25.82587849,0
22.65824353,25.82587849,0
22.65824353,25.82587849,0
22.65824353,25.82587849,0
22.94689521,25.82587849,0
23.32620844,25.82587849,0
23.51357055,25.82587849,0
24.60780364,25.82587849,0
27.47245894,25.82587849,0
16.49412016,25.91069277,0
30.35588905,25.91069277,0
15.6757137,25.99523033,0
16.75804285,25.99523033,0
20.09218754,25.99523033,0
20.20108908,25.99523033,0
20.20108908,25.99523033,0
14.05204611,26.07949386,0
14.51289082,26.07949386,0
15.39324527,26.07949386,0
17.40034482,26.07949386,0
17.7745886,26.07949386,0
18.01976692,26.07949386,0
18.14111353,26.07949386,0
18.26165381,26.07949386,0
18.26165381,26.07949386,0
18.73606149,26.07949386,0
18.8527982,26.07949386,0
19.53857723,26.07949386,0
19.65054707,26.07949386,0
19.87259419,26.07949386,0
19.87259419,26.07949386,0
20.20108908,26.07949386,0
20.52432703,26.07949386,0
21.15599206,26.07949386,0
21.464855,26.07949386,0
21.464855,26.07949386,0
21.464855,26.07949386,0
21.76933623,26.07949386,0
21.76933623,26.07949386,0
22.06961712,26.07949386,0
22.06961712,26.07949386,0
23.32620844,26.07949386,0
23.69945147,26.07949386,0
15.10549569,26.16348601,0
15.25004918,26.16348601,0
15.39324527,26.16348601,0
16.22590521,26.16348601,0
17.40034482,26.16348601,0
17.52598071,26.16348601,0
17.7745886,26.16348601,0
17.7745886,26.16348601,0
17.7745886,26.16348601,0
18.50037837,26.16348601,0
18.50037837,26.16348601,0
18.73606149,26.16348601,0
18.8527982,26.16348601,0
19.19874996,26.16348601,0
19.42596201,26.16348601,0
19.87259419,26.16348601,0
19.87259419,26.16348601,0
19.87259419,26.16348601,0
20.30940669,26.16348601,0
20.52432703,26.16348601,0
21.15599206,26.16348601,0
21.76933623,26.16348601,0
21.76933623,26.16348601,0
22.56120564,26.16348601,0
22.94689521,26.16348601,0
22.94689521,26.16348601,0
22.94689521,26.16348601,0
23.69945147,26.16348601,0
23.69945147,26.16348601,0
25.65540879,26.16348601,0
26.49679226,26.16348601,0
19.87259419,26.41386,0
20.52432703,26.41386,0
23.51357055,26.41386,0
25.82587849,26.41386,0
5.131081757,26.49679226,0
14.51289082,26.49679226,0
15.39324527,26.49679226,0
15.39324527,26.49679226,0
15.39324527,26.49679226,0
15.9531815,26.49679226,0
15.9531815,26.49679226,0
16.22590521,26.49679226,0
16.22590521,26.49679226,0
16.22590521,26.49679226,0
16.49412016,26.49679226,0
17.01787296,26.49679226,0
17.27379518,26.49679226,0
17.27379518,26.49679226,0
17.52598071,26.49679226,0
18.01976692,26.49679226,0
18.14111353,26.49679226,0
18.73606149,26.49679226,0
18.73606149,26.49679226,0
19.19874996,26.49679226,0
19.19874996,26.49679226,0
19.42596201,26.49679226,0
19.53857723,26.49679226,0
19.65054707,26.49679226,0
19.87259419,26.49679226,0
20.52432703,26.49679226,0
20.73702004,26.49679226,0
21.15599206,26.49679226,0
21.464855,26.49679226,0
21.464855,26.49679226,0
21.76933623,26.49679226,0
21.76933623,26.49679226,0
21.76933623,26.49679226,0
22.06961712,26.49679226,0
22.06961712,26.49679226,0
22.06961712,26.49679226,0
22.06961712,26.49679226,0
22.36586685,26.49679226,0
22.36586685,26.49679226,0
22.36586685,26.49679226,0
22.36586685,26.49679226,0
22.65824353,26.49679226,0
22.94689521,26.49679226,0
22.94689521,26.49679226,0
22.94689521,26.49679226,0
22.94689521,26.49679226,0
23.23196074,26.49679226,0
23.69945147,26.49679226,0
23.69945147,26.49679226,0
24.06690674,26.49679226,0
24.60780364,26.49679226,0
24.78547962,26.49679226,0
25.48379877,26.49679226,0
25.82587849,26.49679226,0
26.90761974,26.49679226,0
18.14111353,26.57946576,0
18.8527982,26.57946576,0
22.16880691,26.57946576,0
22.94689521,26.57946576,0
15.9531815,26.6618829,0
18.50037837,26.6618829,0
18.8527982,26.6618829,0
19.19874996,26.6618829,0
19.53857723,26.6618829,0
19.53857723,26.6618829,0
19.87259419,26.6618829,0
20.52432703,26.6618829,0
20.52432703,26.6618829,0
20.52432703,26.6618829,0
21.15599206,26.6618829,0
22.56120564,26.6618829,0
22.65824353,26.6618829,0
33.12099032,26.6618829,0
13.89503508,26.82595758,0
17.01787296,26.82595758,0
17.27379518,26.82595758,0
18.14111353,26.82595758,0
18.50037837,26.82595758,0
19.65054707,26.82595758,0
21.464855,26.82595758,0
22.94689521,26.82595758,0
24.60780364,26.82595758,0
26.49679226,26.82595758,0
28.10409223,26.82595758,0
14.81215717,26.90761974,0
17.7745886,26.90761974,0
18.50037837,26.90761974,0
20.52432703,26.90761974,0
20.52432703,26.90761974,0
20.84255263,26.90761974,0
20.94755356,26.90761974,0
21.15599206,26.90761974,0
21.15599206,26.90761974,0
21.15599206,26.90761974,0
21.76933623,26.90761974,0
21.76933623,26.90761974,0
22.16880691,26.90761974,0
23.69945147,26.90761974,0
24.06690674,26.90761974,0
24.78547962,26.90761974,0
25.48379877,26.90761974,0
12.74189939,27.15113257,0
13.081743,27.15113257,0
13.24839613,27.15113257,0
14.51289082,27.15113257,0
15.39324527,27.15113257,0
16.22590521,27.15113257,0
16.49412016,27.15113257,0
17.01787296,27.15113257,0
17.7745886,27.15113257,0
17.7745886,27.15113257,0
17.7745886,27.15113257,0
18.01976692,27.15113257,0
18.50037837,27.15113257,0
18.73606149,27.15113257,0
18.8527982,27.15113257,0
18.8527982,27.15113257,0
18.8527982,27.15113257,0
18.96881652,27.15113257,0
18.96881652,27.15113257,0
18.96881652,27.15113257,0
19.19874996,27.15113257,0
19.53857723,27.15113257,0
19.53857723,27.15113257,0
19.65054707,27.15113257,0
19.87259419,27.15113257,0
19.87259419,27.15113257,0
20.52432703,27.15113257,0
21.15599206,27.15113257,0
21.464855,27.15113257,0
21.76933623,27.15113257,0
22.06961712,27.15113257,0
22.94689521,27.15113257,0
22.94689521,27.15113257,0
23.23196074,27.15113257,0
23.23196074,27.15113257,0
23.23196074,27.15113257,0
23.51357055,27.15113257,0
24.06690674,27.15113257,0
24.42883542,27.15113257,0
24.60780364,27.15113257,0
25.82587849,27.15113257,0
25.82587849,27.15113257,0
30.21099138,27.15113257,0
32.85495396,27.15113257,0
12.03345337,27.31226831,0
16.22590521,27.31226831,0
16.75804285,27.31226831,0
17.52598071,27.31226831,0
18.01976692,27.31226831,0
18.96881652,27.31226831,0
18.96881652,27.31226831,0
19.42596201,27.31226831,0
21.76933623,27.31226831,0
22.36586685,27.31226831,0
22.36586685,27.31226831,0
22.56120564,27.31226831,0
22.65824353,27.31226831,0
22.65824353,27.31226831,0
22.94689521,27.31226831,0
23.69945147,27.31226831,0
25.48379877,27.31226831,0
26.07949386,27.31226831,0
29.99233235,27.31226831,0
30.71514285,27.31226831,0
24.06690674,27.39248072,0
26.41386,27.39248072,0
10.47377678,27.47245894,0
16.49412016,27.47245894,0
19.42596201,27.47245894,0
21.36239687,27.47245894,0
21.56682638,27.47245894,0
22.94689521,27.47245894,0
24.33885782,27.47245894,0
26.16348601,27.47245894,0
29.02578164,27.47245894,0
17.01787296,27.6317209,0
17.52598071,27.6317209,0
19.42596201,27.6317209,0
19.87259419,27.6317209,0
19.87259419,27.6317209,0
20.84255263,27.6317209,0
22.36586685,27.6317209,0
26.07949386,27.6317209,0
27.79007017,27.6317209,0
11.08440346,27.71100864,0
15.10549569,27.71100864,0
17.7745886,27.71100864,0
18.50037837,27.71100864,0
19.19874996,27.71100864,0
19.87259419,27.71100864,0
19.87259419,27.71100864,0
19.87259419,27.71100864,0
20.09218754,27.71100864,0
20.30940669,27.71100864,0
20.84255263,27.71100864,0
20.84255263,27.71100864,0
21.15599206,27.71100864,0
21.15599206,27.71100864,0
21.464855,27.71100864,0
21.464855,27.71100864,0
22.06961712,27.71100864,0
22.06961712,27.71100864,0
22.06961712,27.71100864,0
22.36586685,27.71100864,0
22.36586685,27.71100864,0
22.65824353,27.71100864,0
22.94689521,27.71100864,0
22.94689521,27.71100864,0
23.23196074,27.71100864,0
23.51357055,27.71100864,0
23.79184734,27.71100864,0
24.06690674,27.71100864,0
25.13706427,27.71100864,0
25.39755894,27.71100864,0
25.65540879,27.71100864,0
26.16348601,27.71100864,0
26.49679226,27.71100864,0
27.79007017,27.71100864,0
18.73606149,27.79007017,0
18.8527982,27.79007017,0
18.8527982,27.79007017,0
19.87259419,27.79007017,0
19.87259419,27.79007017,0
24.60780364,27.79007017,0
24.60780364,27.79007017,0
29.62431434,27.79007017,0
13.57556629,28.10409223,0
15.10549569,28.10409223,0
15.9531815,28.10409223,0
16.49412016,28.10409223,0
16.49412016,28.10409223,0
16.75804285,28.10409223,0
17.01787296,28.10409223,0
17.01787296,28.10409223,0
17.27379518,28.10409223,0
17.7745886,28.10409223,0
18.01976692,28.10409223,0
18.26165381,28.10409223,0
18.50037837,28.10409223,0
18.50037837,28.10409223,0
18.73606149,28.10409223,0
19.19874996,28.10409223,0
19.19874996,28.10409223,0
19.19874996,28.10409223,0
19.42596201,28.10409223,0
19.87259419,28.10409223,0
20.09218754,28.10409223,0
20.20108908,28.10409223,0
20.30940669,28.10409223,0
20.52432703,28.10409223,0
20.52432703,28.10409223,0
20.84255263,28.10409223,0
20.84255263,28.10409223,0
20.94755356,28.10409223,0
21.15599206,28.10409223,0
21.15599206,28.10409223,0
21.15599206,28.10409223,0
21.15599206,28.10409223,0
21.464855,28.10409223,0
21.464855,28.10409223,0
21.464855,28.10409223,0
21.464855,28.10409223,0
21.464855,28.10409223,0
21.76933623,28.10409223,0
21.76933623,28.10409223,0
22.06961712,28.10409223,0
22.36586685,28.10409223,0
22.36586685,28.10409223,0
22.65824353,28.10409223,0
22.94689521,28.10409223,0
22.94689521,28.10409223,0
22.94689521,28.10409223,0
23.32620844,28.10409223,0
23.51357055,28.10409223,0
23.79184734,28.10409223,0
24.06690674,28.10409223,0
24.06690674,28.10409223,0
25.48379877,28.10409223,0
27.15113257,28.10409223,0
27.15113257,28.10409223,0
28.56865415,28.10409223,0
29.25166662,28.10409223,0
29.62431434,28.10409223,0
30.35588905,28.10409223,0
15.9531815,28.25979476,0
16.22590521,28.25979476,0
20.52432703,28.25979476,0
17.52598071,28.41464411,0
18.73606149,28.41464411,0
20.52432703,28.41464411,0
22.94689521,28.41464411,0
24.33885782,28.41464411,0
30.71514285,28.41464411,0
4.189510711,28.49175319,0
13.73622947,28.49175319,0
18.50037837,28.49175319,0
18.50037837,28.49175319,0
19.19874996,28.49175319,0
19.19874996,28.49175319,0
19.19874996,28.49175319,0
19.42596201,28.49175319,0
21.15599206,28.49175319,0
21.36239687,28.49175319,0
21.96997952,28.49175319,0
23.51357055,28.49175319,0
24.06690674,28.49175319,0
24.06690674,28.49175319,0
24.33885782,28.49175319,0
25.13706427,28.49175319,0
25.13706427,28.49175319,0
26.49679226,28.49175319,0
26.82595758,28.49175319,0
27.15113257,28.49175319,0
29.9190909,28.49175319,0
14.51289082,28.56865415,0
16.49412016,28.56865415,0
19.19874996,28.56865415,0
19.19874996,28.56865415,0
19.65054707,28.56865415,0
20.20108908,28.56865415,0
20.84255263,28.56865415,0
21.15599206,28.56865415,0
22.36586685,28.56865415,0
22.94689521,28.56865415,0
23.23196074,28.56865415,0
24.33885782,28.56865415,0
25.82587849,28.56865415,0
26.07949386,28.56865415,0
28.87420995,28.56865415,0
20.30940669,28.72183838,0
23.51357055,28.72183838,0
24.87384168,28.72183838,0
25.65540879,28.72183838,0
26.41386,28.72183838,0
16.49412016,28.79812494,0
18.73606149,28.79812494,0
18.8527982,28.79812494,0
18.96881652,28.79812494,0
19.19874996,28.79812494,0
20.20108908,28.79812494,0
20.94755356,28.79812494,0
21.76933623,28.79812494,0
24.42883542,28.79812494,0
25.13706427,28.79812494,0
25.48379877,28.79812494,0
15.10549569,28.87420995,0
18.50037837,28.87420995,0
18.50037837,28.87420995,0
18.96881652,28.87420995,0
18.96881652,28.87420995,0
19.19874996,28.87420995,0
19.19874996,28.87420995,0
19.19874996,28.87420995,0
19.65054707,28.87420995,0
19.87259419,28.87420995,0
20.20108908,28.87420995,0
21.15599206,28.87420995,0
22.06961712,28.87420995,0
22.36586685,28.87420995,0
22.65824353,28.87420995,0
22.94689521,28.87420995,0
23.51357055,28.87420995,0
24.06690674,28.87420995,0
24.78547962,28.87420995,0
24.78547962,28.87420995,0
25.13706427,28.87420995,0
25.13706427,28.87420995,0
27.79007017,28.87420995,0
27.86890741,28.87420995,0
12.03345337,29.02578164,0
14.51289082,29.02578164,0
15.10549569,29.02578164,0
16.75804285,29.02578164,0
17.40034482,29.02578164,0
17.52598071,29.02578164,0
17.7745886,29.02578164,0
18.26165381,29.02578164,0
18.50037837,29.02578164,0
18.50037837,29.02578164,0
18.73606149,29.02578164,0
18.96881652,29.02578164,0
20.20108908,29.02578164,0
20.20108908,29.02578164,0
20.52432703,29.02578164,0
20.73702004,29.02578164,0
20.84255263,29.02578164,0
21.15599206,29.02578164,0
21.76933623,29.02578164,0
22.06961712,29.02578164,0
22.16880691,29.02578164,0
22.36586685,29.02578164,0
22.94689521,29.02578164,0
24.06690674,29.02578164,0
24.33885782,29.02578164,0
24.78547962,29.02578164,0
24.87384168,29.02578164,0
25.48379877,29.02578164,0
29.25166662,29.02578164,0
32.45181043,29.02578164,0
13.73622947,29.25166662,0
14.95954545,29.25166662,0
15.9531815,29.25166662,0
17.52598071,29.25166662,0
18.01976692,29.25166662,0
20.30940669,29.25166662,0
20.30940669,29.25166662,0
20.52432703,29.25166662,0
20.94755356,29.25166662,0
21.464855,29.25166662,0
21.76933623,29.25166662,0
22.94689521,29.25166662,0
24.06690674,29.25166662,0
28.10409223,29.25166662,0
16.22590521,29.32657498,0
16.22590521,29.32657498,0
16.49412016,29.32657498,0
18.14111353,29.32657498,0
18.8527982,29.32657498,0
18.96881652,29.32657498,0
20.52432703,29.32657498,0
21.15599206,29.32657498,0
21.36239687,29.32657498,0
21.76933623,29.32657498,0
22.36586685,29.32657498,0
22.36586685,29.32657498,0
22.36586685,29.32657498,0
22.94689521,29.32657498,0
24.33885782,29.32657498,0
26.82595758,29.32657498,0
13.57556629,29.4758206,0
17.52598071,29.4758206,0
17.7745886,29.4758206,0
18.26165381,29.4758206,0
20.52432703,29.4758206,0
21.464855,29.4758206,0
21.76933623,29.4758206,0
22.94689521,29.4758206,0
23.23196074,29.4758206,0
23.69945147,29.4758206,0
32.45181043,29.4758206,0
15.10549569,29.62431434,0
16.75804285,29.62431434,0
17.7745886,29.62431434,0
17.7745886,29.62431434,0
17.7745886,29.62431434,0
18.50037837,29.62431434,0
19.87259419,29.62431434,0
22.36586685,29.62431434,0
22.65824353,29.62431434,0
22.94689521,29.62431434,0
23.69945147,29.62431434,0
24.33885782,29.62431434,0
24.33885782,29.62431434,0
24.33885782,29.62431434,0
24.60780364,29.62431434,0
26.41386,29.62431434,0
29.69828278,29.62431434,0
25.13706427,29.69828278,0
17.7745886,29.8456697,0
18.14111353,29.8456697,0
19.19874996,29.8456697,0
20.52432703,29.8456697,0
22.94689521,29.8456697,0
7.83785685,29.9190909,0
17.01787296,29.9190909,0
17.40034482,29.9190909,0
17.7745886,29.9190909,0
18.26165381,29.9190909,0
18.96881652,29.9190909,0
19.19874996,29.9190909,0
19.19874996,29.9190909,0
20.09218754,29.9190909,0
20.52432703,29.9190909,0
20.52432703,29.9190909,0
21.76933623,29.9190909,0
22.06961712,29.9190909,0
22.36586685,29.9190909,0
25.13706427,29.9190909,0
25.13706427,29.9190909,0
26.49679226,29.9190909,0
30.35588905,29.9190909,0
12.03345337,29.99233235,0
20.09218754,29.99233235,0
21.36239687,29.99233235,0
23.51357055,29.99233235,0
24.60780364,29.99233235,0
31.070243,29.99233235,0
13.89503508,30.21099138,0
18.50037837,30.21099138,0
22.94689521,30.21099138,0
24.60780364,30.21099138,0
13.57556629,30.35588905,0
14.20732206,30.35588905,0
15.10549569,30.35588905,0
16.75804285,30.35588905,0
17.7745886,30.35588905,0
18.01976692,30.35588905,0
18.26165381,30.35588905,0
18.50037837,30.35588905,0
18.73606149,30.35588905,0
18.96881652,30.35588905,0
19.19874996,30.35588905,0
19.19874996,30.35588905,0
19.42596201,30.35588905,0
19.42596201,30.35588905,0
19.87259419,30.35588905,0
20.52432703,30.35588905,0
20.84255263,30.35588905,0
21.15599206,30.35588905,0
21.464855,30.35588905,0
21.464855,30.35588905,0
21.464855,30.35588905,0
21.464855,30.35588905,0
21.464855,30.35588905,0
21.56682638,30.35588905,0
21.76933623,30.35588905,0
21.96997952,30.35588905,0
22.06961712,30.35588905,0
22.36586685,30.35588905,0
22.65824353,30.35588905,0
22.75486761,30.35588905,0
22.94689521,30.35588905,0
23.23196074,30.35588905,0
23.51357055,30.35588905,0
23.51357055,30.35588905,0
23.79184734,30.35588905,0
23.79184734,30.35588905,0
23.79184734,30.35588905,0
23.79184734,30.35588905,0
24.06690674,30.35588905,0
24.33885782,30.35588905,0
24.33885782,30.35588905,0
25.39755894,30.35588905,0
26.16348601,30.35588905,0
26.16348601,30.35588905,0
26.41386,30.35588905,0
26.49679226,30.35588905,0
28.10409223,30.35588905,0
28.10409223,30.35588905,0
29.99233235,30.35588905,0
32.0435953,30.35588905,0
37.58904096,30.35588905,0
23.51357055,30.50009836,0
7.256445411,30.71514285,0
14.51289082,30.71514285,0
19.87259419,30.71514285,0
20.09218754,30.71514285,0
20.09218754,30.71514285,0
20.52432703,30.71514285,0
25.39755894,30.71514285,0
25.91069277,30.71514285,0
26.07949386,30.71514285,0
30.78649054,30.71514285,0
12.03345337,30.78649054,0
14.20732206,30.78649054,0
17.52598071,30.78649054,0
18.01976692,30.78649054,0
18.8527982,30.78649054,0
20.52432703,30.78649054,0
21.76933623,30.78649054,0
23.23196074,30.78649054,0
23.51357055,30.78649054,0
23.79184734,30.78649054,0
24.06690674,30.78649054,0
24.33885782,30.78649054,0
24.33885782,30.78649054,0
21.15599206,30.85767328,0
21.76933623,30.85767328,0
22.06961712,30.85767328,0
22.94689521,30.85767328,0
22.94689521,30.85767328,0
18.73606149,31.070243,0
21.76933623,31.070243,0
22.06961712,31.070243,0
23.32620844,31.070243,0
24.87384168,31.070243,0
25.82587849,31.070243,0
27.79007017,31.070243,0
30.35588905,31.070243,0
9.368030743,31.21115185,0
14.51289082,31.21115185,0
19.53857723,31.21115185,0
22.36586685,31.21115185,0
22.94689521,31.21115185,0
22.94689521,31.21115185,0
23.51357055,31.21115185,0
24.33885782,31.21115185,0
30.35588905,31.21115185,0
31.070243,31.21115185,0
17.52598071,31.3514274,0
19.19874996,31.3514274,0
20.84255263,31.3514274,0
23.51357055,31.3514274,0
24.06690674,31.3514274,0
24.33885782,31.3514274,0
24.33885782,31.3514274,0
24.33885782,31.3514274,0
25.13706427,31.3514274,0
25.82587849,31.3514274,0
28.10409223,31.3514274,0
20.52432703,31.42133033,0
21.464855,31.42133033,0
22.16880691,31.42133033,0
24.60780364,31.42133033,0
28.87420995,31.42133033,0
29.69828278,31.42133033,0
31.070243,31.42133033,0
31.42133033,31.42133033,0
13.89503508,31.63011224,0
17.52598071,31.63011224,0
18.26165381,31.63011224,0
18.73606149,31.63011224,0
18.96881652,31.63011224,0
19.19874996,31.63011224,0
19.53857723,31.63011224,0
20.52432703,31.63011224,0
21.76933623,31.63011224,0
22.36586685,31.63011224,0
23.51357055,31.63011224,0
23.51357055,31.63011224,0
23.51357055,31.63011224,0
23.79184734,31.63011224,0
24.06690674,31.63011224,0
24.06690674,31.63011224,0
24.87384168,31.63011224,0
26.90761974,31.63011224,0
29.02578164,31.63011224,0
19.19874996,31.7685379,0
27.6317209,31.7685379,0
20.09218754,31.83752503,0
21.15599206,31.83752503,0
22.36586685,31.83752503,0
23.23196074,31.83752503,0
23.32620844,31.83752503,0
23.79184734,31.83752503,0
24.06690674,31.906363,0
24.33885782,31.906363,0
28.10409223,31.906363,0
18.73606149,32.0435953,0
18.96881652,32.0435953,0
18.96881652,32.0435953,0
21.15599206,32.0435953,0
23.51357055,32.0435953,0
23.79184734,32.0435953,0
24.42883542,32.0435953,0
26.16348601,32.0435953,0
18.50037837,32.11199153,0
21.36239687,32.11199153,0
21.36239687,32.11199153,0
24.60780364,32.11199153,0
11.84972574,32.31631167,0
16.22590521,32.31631167,0
18.50037837,32.31631167,0
20.52432703,32.31631167,0
20.52432703,32.31631167,0
20.52432703,32.31631167,0
20.52432703,32.31631167,0
21.464855,32.31631167,0
21.464855,32.31631167,0
22.65824353,32.31631167,0
22.65824353,32.31631167,0
24.33885782,32.31631167,0
25.13706427,32.31631167,0
25.13706427,32.31631167,0
26.16348601,32.31631167,0
29.99233235,32.31631167,0
15.39324527,32.45181043,0
17.01787296,32.45181043,0
18.96881652,32.45181043,0
19.19874996,32.45181043,0
23.51357055,32.45181043,0
25.65540879,32.45181043,0
26.49679226,32.45181043,0
31.63011224,32.45181043,0
34.6110387,32.45181043,0
37.99542078,32.45181043,0
18.96881652,32.7881076,0
20.20108908,32.7881076,0
22.36586685,32.7881076,0
23.23196074,32.7881076,0
23.51357055,32.7881076,0
23.51357055,32.7881076,0
29.02578164,32.7881076,0
19.19874996,32.85495396,0
19.42596201,32.85495396,0
19.87259419,32.85495396,0
20.20108908,32.85495396,0
20.52432703,32.85495396,0
24.42883542,32.85495396,0
26.16348601,32.85495396,0
27.15113257,32.85495396,0
22.06961712,32.98824033,0
24.33885782,32.98824033,0
26.49679226,32.98824033,0
24.78547962,33.12099032,0
24.87384168,33.12099032,0
16.22590521,33.25321037,0
17.7745886,33.25321037,0
17.7745886,33.25321037,0
22.36586685,33.25321037,0
23.51357055,33.25321037,0
27.47245894,33.25321037,0
29.32657498,33.25321037,0
13.24839613,33.45056053,0
26.16348601,33.45056053,0
18.01976692,33.51608569,0
18.50037837,33.51608569,0
19.65054707,33.51608569,0
24.42883542,33.51608569,0
27.71100864,33.51608569,0
18.8527982,33.64675319,0
24.60780364,33.64675319,0
26.90761974,33.64675319,0
38.85192402,33.64675319,0
14.81215717,33.71189701,0
18.73606149,33.71189701,0
21.15599206,33.71189701,0
23.69945147,33.71189701,0
23.79184734,33.71189701,0
27.79007017,33.71189701,0
21.36239687,33.77691519,0
21.76933623,33.77691519,0
22.06961712,33.77691519,0
22.65824353,33.77691519,0
23.79184734,33.77691519,0
19.19874996,34.03574592,0
19.87259419,34.03574592,0
20.73702004,34.03574592,0
21.36239687,34.03574592,0
22.65824353,34.03574592,0
24.06690674,34.03574592,0
24.33885782,34.03574592,0
32.0435953,34.03574592,0
16.75804285,34.10014663,0
17.27379518,34.16442594,0
18.26165381,34.16442594,0
20.52432703,34.16442594,0
24.06690674,34.16442594,0
24.87384168,34.16442594,0
32.11199153,34.16442594,0
20.09218754,34.42034282,0
20.09218754,34.42034282,0
22.65824353,34.42034282,0
22.65824353,34.42034282,0
23.79184734,34.42034282,0
24.33885782,34.42034282,0
25.91069277,34.42034282,0
32.45181043,34.42034282,0
19.19874996,34.54759036,0
21.76933623,34.54759036,0
22.94689521,34.54759036,0
23.51357055,34.54759036,0
26.16348601,34.54759036,0
29.02578164,34.54759036,0
13.57556629,34.6110387,0
14.81215717,34.6110387,0
19.87259419,34.6110387,0
24.06690674,34.6110387,0
21.36239687,34.80068965,0
23.23196074,34.98931265,0
26.49679226,34.98931265,0
17.7745886,35.05196143,0
18.73606149,35.05196143,0
22.65824353,35.05196143,0
24.87384168,35.05196143,0
28.41464411,35.05196143,0
19.87259419,35.17692425,0
20.09218754,35.17692425,0
25.39755894,35.17692425,0
25.91069277,35.17692425,0
28.10409223,35.17692425,0
23.51357055,35.36354055,0
24.06690674,35.36354055,0
20.94755356,35.48740622,0
17.52598071,35.54917721,0
19.65054707,35.54917721,0
20.09218754,35.54917721,0
20.30940669,35.54917721,0
21.56682638,35.54917721,0
22.06961712,35.54917721,0
22.36586685,35.54917721,0
22.56120564,35.54917721,0
25.13706427,35.54917721,0
25.13706427,35.54917721,0
30.78649054,35.54917721,0
30.78649054,35.54917721,0
20.94755356,35.67239829,0
20.52432703,35.9175723,0
20.94755356,35.9175723,0
24.33885782,35.9175723,0
25.13706427,35.9175723,0
26.16348601,35.9175723,0
13.73622947,36.03953385,0
19.19874996,36.03953385,0
18.73606149,36.10036011,0
24.33885782,36.10036011,0
19.87259419,36.28222705,0
20.52432703,36.28222705,0
20.73702004,36.28222705,0
21.15599206,36.28222705,0
25.91069277,36.28222705,0
19.19874996,36.34264712,0
25.91069277,36.34264712,0
29.02578164,36.34264712,0
22.16880691,36.52330763,0
22.56120564,36.52330763,0
22.94689521,36.52330763,0
23.88388578,36.52330763,0
24.06690674,36.52330763,0
24.87384168,36.52330763,0
36.52330763,36.58332954,0
18.01976692,36.64325313,0
33.77691519,36.64325313,0
19.87259419,36.76280729,0
24.33885782,36.76280729,0
37.7055964,36.88197392,0
18.73606149,37.00075675,0
24.33885782,37.00075675,0
25.65540879,37.00075675,0
25.91069277,37.00075675,0
18.01976692,37.17821943,0
19.65054707,37.17821943,0
19.87259419,37.17821943,0
21.36239687,37.17821943,0
26.16348601,37.17821943,0
34.54759036,37.17821943,0
23.69945147,37.41352697,0
24.60780364,37.41352697,0
24.87384168,37.47212297,0
26.41386,37.47212297,0
21.15599206,37.58904096,0
26.16348601,37.58904096,0
28.33732521,37.58904096,0
29.02578164,37.58904096,0
27.71100864,37.7055964,0
18.73606149,37.93763303,0
18.96881652,37.93763303,0
26.90761974,37.99542078,0
29.32657498,37.99542078,0
37.35483904,37.99542078,0
43.63934005,37.99542078,0
20.94755356,38.05312077,0
23.51357055,38.05312077,0
27.79007017,38.22569816,0
30.35588905,38.22569816,0
37.93763303,38.22569816,0
20.30940669,38.39749992,0
20.94755356,38.39749992,0
23.23196074,38.39749992,0
25.65540879,38.39749992,0
27.15113257,38.39749992,0
23.51357055,38.73881774,0
26.6618829,38.73881774,0
27.15113257,38.73881774,0
20.73702004,38.85192402,0
22.36586685,38.85192402,0
25.13706427,38.85192402,0
34.54759036,38.85192402,0
9.825273533,38.90835386,0
18.73606149,39.18928425,0
25.91069277,39.18928425,0
33.77691519,39.18928425,0
27.47245894,39.24522901,0
15.39324527,39.30109413,0
18.73606149,39.30109413,0
32.45181043,39.30109413,0
19.19874996,39.57923698,0
23.23196074,39.74518839,0
32.45181043,39.74518839,0
40.34783761,39.74518839,0
27.39248072,39.96538502,0
22.56120564,40.07502963,0
23.51357055,40.18437507,0
24.33885782,40.18437507,0
18.73606149,40.23893637,0
24.33885782,40.23893637,0
30.21099138,40.23893637,0
21.96997952,40.29342378,0
17.40034482,40.61881338,0
27.39248072,40.61881338,0
34.03574592,40.61881338,0
26.16348601,40.72669886,0
27.79007017,40.72669886,0
30.78649054,40.72669886,0
25.13706427,40.83429931,0
28.41464411,40.83429931,0
24.60780364,41.2086884,0
25.48379877,41.36810365,0
17.7745886,41.47404007,0
21.15599206,41.68510525,0
27.15113257,41.68510525,0
30.50009836,41.68510525,0
24.78547962,41.84270546,0
34.73758771,41.84270546,0
20.94755356,41.89510711,0
28.72183838,41.89510711,0
26.6618829,41.99971428,0
21.56682638,42.15613834,0
27.39248072,42.15613834,0
16.22590521,42.41556318,0
30.35588905,42.57045924,0
22.75486761,42.72479374,0
24.87384168,42.92970999,0
26.6618829,42.92970999,0
22.75486761,43.08275757,0
26.16348601,43.08275757,0
23.32620844,43.38723315,0
20.30940669,43.53867246,0
21.464855,43.53867246,0
28.41464411,43.93995904,0
23.69945147,44.43647151,0
34.16442594,44.92749715,0
50.66537279,45.02505969,0
13.24839613,45.31648707,0
29.9190909,45.89379043,0
35.54917721,45.89379043,0
24.33885782,46.84015371,0
31.42133033,46.84015371,0
24.87384168,47.12035654,0
27.39248072,47.12035654,0
26.16348601,47.76777156,0
37.7055964,49.21560728,0
30.78649054,49.48236049,0
12.21441771,49.57095924,0
23.23196074,50.27412854,0
34.42034282,52.57794214,0
9.368030743,55.58014034,0
36.88197392,59.61778258,0
18.8527982,15.10549569,6.44
22.94689521,16.22590521,6.44
32.98824033,18.50037837,6.44
21.96997952,13.081743,7.393
19.87259419,14.51289082,7.393
23.42007686,15.6757137,7.393
21.464855,17.7745886,7.393
25.82587849,20.52432703,7.393
16.8884576,21.76933623,7.393
19.19874996,21.76933623,7.393
33.71189701,25.65540879,7.393
27.71100864,30.35588905,7.393
14.66328749,14.51289082,8.346
16.22590521,17.52598071,8.346
15.39324527,18.50037837,8.346
18.8527982,18.8527982,8.346
21.15599206,19.65054707,8.346
25.65540879,20.20108908,8.346
20.52432703,23.32620844,8.346
23.69945147,23.42007686,8.346
20.20108908,23.51357055,8.346
22.94689521,23.88388578,8.346
20.52432703,24.78547962,8.346
34.73758771,25.39755894,8.346
21.464855,26.16348601,8.346
24.78547962,27.15113257,8.346
22.16880691,28.10409223,8.346
28.49175319,28.56865415,8.346
28.41464411,35.97860475,8.346
19.19874996,11.66310422,9.299
23.51357055,13.89503508,9.299
17.01787296,14.95954545,9.299
26.57946576,15.39324527,9.299
28.10409223,16.22590521,9.299
20.94755356,16.62660519,9.299
27.15113257,17.52598071,9.299
24.42883542,18.50037837,9.299
19.31269013,19.19874996,9.299
20.09218754,20.09218754,9.299
21.76933623,20.52432703,9.299
26.90761974,21.76933623,9.299
29.02578164,23.32620844,9.299
24.33885782,24.78547962,9.299
20.52432703,25.65540879,9.299
29.32657498,25.65540879,9.299
23.69945147,27.15113257,9.299
27.71100864,27.31226831,9.299
23.69945147,28.10409223,9.299
31.3514274,29.32657498,9.299
52.57794214,36.88197392,9.299
33.25321037,37.99542078,9.299
11.08440346,7.83785685,10.252
24.33885782,12.56853213,10.252
32.45181043,13.24839613,10.252
21.464855,13.73622947,10.252
20.94755356,14.81215717,10.252
15.81505612,15.39324527,10.252
18.73606149,15.39324527,10.252
22.36586685,15.39324527,10.252
23.42007686,15.39324527,10.252
19.87259419,15.6757137,10.252
18.50037837,16.22590521,10.252
19.87259419,16.22590521,10.252
29.62431434,16.22590521,10.252
19.87259419,16.75804285,10.252
23.69945147,17.52598071,10.252
23.51357055,17.7745886,10.252
35.54917721,17.7745886,10.252
24.60780364,18.14111353,10.252
27.31226831,18.26165381,10.252
29.32657498,18.73606149,10.252
20.52432703,19.53857723,10.252
24.60780364,20.94755356,10.252
26.49679226,21.15599206,10.252
17.01787296,21.464855,10.252
17.27379518,21.464855,10.252
25.13706427,22.36586685,10.252
29.9190909,23.23196074,10.252
23.88388578,23.69945147,10.252
21.76933623,24.06690674,10.252
29.99233235,24.42883542,10.252
19.53857723,24.60780364,10.252
21.464855,24.78547962,10.252
39.30109413,26.07949386,10.252
28.10409223,27.47245894,10.252
23.51357055,29.62431434,10.252
27.47245894,29.9190909,10.252
23.69945147,32.45181043,10.252
33.71189701,36.76280729,10.252
35.9175723,39.30109413,10.252
32.11199153,0,11.205
15.10549569,13.89503508,11.205
16.75804285,17.01787296,11.205
16.22590521,17.7745886,11.205
22.06961712,18.50037837,11.205
28.10409223,19.19874996,11.205
19.31269013,19.87259419,11.205
23.69945147,20.52432703,11.205
34.98931265,22.06961712,11.205
22.94689521,22.16880691,11.205
22.94689521,24.33885782,11.205
24.78547962,24.78547962,11.205
28.56865415,29.32657498,11.205
25.65540879,31.63011224,11.205
36.76280729,36.34264712,11.205
29.9190909,9.368030743,12.158
20.52432703,12.91293925,12.158
17.27379518,13.57556629,12.158
20.94755356,15.39324527,12.158
13.57556629,16.22590521,12.158
14.05204611,16.22590521,12.158
20.52432703,16.22590521,12.158
22.94689521,16.75804285,12.158
24.33885782,17.7745886,12.158
21.76933623,18.14111353,12.158
22.16880691,18.14111353,12.158
22.94689521,18.14111353,12.158
20.84255263,18.26165381,12.158
21.15599206,18.50037837,12.158
31.63011224,18.73606149,12.158
26.6618829,18.8527982,12.158
23.42007686,19.19874996,12.158
24.06690674,19.19874996,12.158
25.13706427,19.19874996,12.158
22.94689521,19.65054707,12.158
18.50037837,19.87259419,12.158
24.78547962,19.87259419,12.158
20.09218754,20.09218754,12.158
25.82587849,21.464855,12.158
22.94689521,22.06961712,12.158
23.42007686,22.94689521,12.158
25.22419473,22.94689521,12.158
26.07949386,23.42007686,12.158
20.52432703,23.69945147,12.158
26.49679226,23.69945147,12.158
41.04865406,24.06690674,12.158
22.94689521,24.78547962,12.158
23.32620844,24.78547962,12.158
28.49175319,25.91069277,12.158
26.49679226,26.90761974,12.158
22.56120564,27.15113257,12.158
24.33885782,27.31226831,12.158
18.8527982,28.56865415,12.158
32.45181043,32.7881076,12.158
32.45181043,36.76280729,12.158
40.72669886,44.87863634,12.158
30.71514285,54.46363925,12.158
25.13706427,4.684015371,13.111
16.22590521,14.81215717,13.111
19.19874996,15.39324527,13.111
21.76933623,15.39324527,13.111
17.7745886,16.22590521,13.111
13.89503508,16.49412016,13.111
23.32620844,16.49412016,13.111
15.39324527,16.62660519,13.111
21.76933623,17.01787296,13.111
28.87420995,17.01787296,13.111
21.96997952,17.40034482,13.111
25.13706427,18.50037837,13.111
28.87420995,18.73606149,13.111
27.15113257,18.96881652,13.111
24.78547962,19.19874996,13.111
28.10409223,19.19874996,13.111
14.95954545,19.53857723,13.111
22.16880691,19.87259419,13.111
30.35588905,19.87259419,13.111
24.33885782,20.20108908,13.111
20.94755356,20.41714965,13.111
18.8527982,20.52432703,13.111
20.84255263,20.52432703,13.111
21.96997952,20.52432703,13.111
23.69945147,22.16880691,13.111
25.65540879,22.16880691,13.111
32.0435953,22.36586685,13.111
24.33885782,22.94689521,13.111
22.65824353,23.51357055,13.111
24.33885782,23.51357055,13.111
32.0435953,23.69945147,13.111
25.65540879,24.06690674,13.111
25.82587849,26.16348601,13.111
21.76933623,26.49679226,13.111
32.31631167,26.49679226,13.111
32.45181043,26.49679226,13.111
21.76933623,27.71100864,13.111
26.82595758,28.10409223,13.111
22.36586685,28.49175319,13.111
33.71189701,29.02578164,13.111
38.73881774,29.99233235,13.111
25.13706427,30.78649054,13.111
31.070243,31.63011224,13.111
34.80068965,35.54917721,13.111
28.10409223,37.17821943,13.111
29.99233235,38.39749992,13.111
35.36354055,42.72479374,13.111
28.41464411,47.76777156,13.111
15.39324527,0,14.064
21.76933623,0,14.064
15.39324527,10.47377678,14.064
18.26165381,12.91293925,14.064
20.09218754,13.081743,14.064
13.24839613,13.89503508,14.064
24.06690674,16.22590521,14.064
26.07949386,16.22590521,14.064
22.16880691,16.62660519,14.064
19.53857723,16.75804285,14.064
28.10409223,16.75804285,14.064
18.26165381,17.01787296,14.064
18.73606149,17.40034482,14.064
21.464855,17.7745886,14.064
21.464855,17.7745886,14.064
26.49679226,17.7745886,14.064
28.49175319,18.01976692,14.064
20.52432703,18.50037837,14.064
21.36239687,18.50037837,14.064
20.52432703,18.73606149,14.064
29.02578164,18.8527982,14.064
16.49412016,19.19874996,14.064
21.15599206,19.19874996,14.064
30.35588905,19.42596201,14.064
22.16880691,19.87259419,14.064
26.16348601,19.87259419,14.064
28.56865415,19.87259419,14.064
22.94689521,20.09218754,14.064
27.71100864,20.52432703,14.064
26.49679226,20.84255263,14.064
25.22419473,21.15599206,14.064
22.16880691,21.76933623,14.064
23.69945147,21.96997952,14.064
19.53857723,22.06961712,14.064
21.96997952,22.06961712,14.064
29.9190909,22.06961712,14.064
22.94689521,23.51357055,14.064
16.22590521,24.33885782,14.064
23.69945147,24.42883542,14.064
28.87420995,25.13706427,14.064
24.42883542,25.22419473,14.064
28.87420995,25.48379877,14.064
32.45181043,25.82587849,14.064
20.94755356,26.6618829,14.064
28.10409223,28.49175319,14.064
33.77691519,28.72183838,14.064
34.03574592,28.72183838,14.064
28.87420995,29.25166662,14.064
35.54917721,33.25321037,14.064
36.76280729,34.03574592,14.064
31.7685379,37.17821943,14.064
28.87420995,37.47212297,14.064
32.31631167,37.47212297,14.064
5.131081757,0,15.017
14.95954545,0,15.017
17.40034482,0,15.017
22.65824353,0,15.017
40.18437507,0,15.017
14.20732206,4.684015371,15.017
28.49175319,6.284266067,15.017
15.10549569,11.84972574,15.017
13.89503508,12.56853213,15.017
17.27379518,13.24839613,15.017
18.14111353,14.51289082,15.017
15.6757137,14.81215717,15.017
10.47377678,15.39324527,15.017
18.14111353,15.6757137,15.017
18.73606149,15.6757137,15.017
22.16880691,16.22590521,15.017
22.56120564,16.22590521,15.017
22.56120564,16.22590521,15.017
32.45181043,16.62660519,15.017
21.76933623,16.75804285,15.017
18.14111353,17.01787296,15.017
21.96997952,17.01787296,15.017
23.69945147,17.01787296,15.017
21.76933623,17.27379518,15.017
19.19874996,17.40034482,15.017
23.51357055,17.40034482,15.017
16.75804285,17.52598071,15.017
22.56120564,17.52598071,15.017
31.63011224,17.52598071,15.017
13.57556629,17.7745886,15.017
20.09218754,17.7745886,15.017
20.52432703,17.7745886,15.017
22.94689521,17.7745886,15.017
27.71100864,17.7745886,15.017
19.65054707,18.26165381,15.017
20.41714965,18.26165381,15.017
24.06690674,18.26165381,15.017
27.15113257,18.50037837,15.017
15.39324527,18.8527982,15.017
18.26165381,18.8527982,15.017
19.65054707,18.8527982,15.017
28.10409223,18.8527982,15.017
25.13706427,18.96881652,15.017
20.52432703,19.19874996,15.017
24.78547962,19.65054707,15.017
21.464855,20.09218754,15.017
19.53857723,20.20108908,15.017
22.94689521,20.20108908,15.017
27.15113257,20.41714965,15.017
21.96997952,20.52432703,15.017
24.78547962,20.52432703,15.017
25.65540879,20.52432703,15.017
16.62660519,20.84255263,15.017
22.56120564,20.84255263,15.017
22.94689521,20.84255263,15.017
23.69945147,20.84255263,15.017
28.10409223,20.84255263,15.017
22.94689521,20.94755356,15.017
23.69945147,21.15599206,15.017
26.49679226,21.15599206,15.017
23.42007686,21.36239687,15.017
18.8527982,21.464855,15.017
23.88388578,21.464855,15.017
28.56865415,21.76933623,15.017
19.65054707,21.96997952,15.017
22.65824353,22.06961712,15.017
23.32620844,22.06961712,15.017
26.90761974,22.06961712,15.017
20.09218754,22.16880691,15.017
20.94755356,22.16880691,15.017
23.32620844,22.16880691,15.017
23.69945147,22.16880691,15.017
27.71100864,22.56120564,15.017
28.10409223,22.56120564,15.017
22.46374857,22.94689521,15.017
24.78547962,22.94689521,15.017
26.90761974,23.23196074,15.017
24.33885782,23.51357055,15.017
29.62431434,23.69945147,15.017
25.22419473,23.88388578,15.017
29.32657498,23.88388578,15.017
23.69945147,24.33885782,15.017
28.10409223,24.33885782,15.017
30.71514285,24.33885782,15.017
27.15113257,24.60780364,15.017
20.94755356,24.78547962,15.017
35.05196143,24.78547962,15.017
27.31226831,25.82587849,15.017
22.65824353,26.16348601,15.017
28.87420995,26.16348601,15.017
31.21115185,26.16348601,15.017
23.42007686,26.49679226,15.017
28.87420995,26.82595758,15.017
29.62431434,27.15113257,15.017
24.06690674,27.31226831,15.017
34.73758771,27.86890741,15.017
25.48379877,28.10409223,15.017
29.02578164,28.10409223,15.017
34.42034282,28.41464411,15.017
19.19874996,28.87420995,15.017
24.78547962,28.87420995,15.017
29.02578164,28.87420995,15.017
36.34264712,28.87420995,15.017
25.65540879,29.02578164,15.017
27.15113257,29.25166662,15.017
28.87420995,29.25166662,15.017
36.28222705,29.32657498,15.017
25.65540879,29.4758206,15.017
22.94689521,29.9190909,15.017
27.71100864,30.50009836,15.017
27.15113257,30.78649054,15.017
20.94755356,31.21115185,15.017
30.35588905,31.83752503,15.017
35.05196143,32.45181043,15.017
24.78547962,33.12099032,15.017
27.15113257,33.12099032,15.017
31.7685379,33.25321037,15.017
31.21115185,34.03574592,15.017
34.73758771,35.67239829,15.017
33.25321037,36.34264712,15.017
30.35588905,38.68214058,15.017
19.31269013,0,15.97
22.94689521,0,15.97
25.82587849,8.379021423,15.97
14.05204611,13.24839613,15.97
20.52432703,13.24839613,15.97
16.22590521,13.89503508,15.97
12.03345337,14.20732206,15.97
24.33885782,15.10549569,15.97
20.94755356,16.22590521,15.97
29.02578164,16.22590521,15.97
25.48379877,16.49412016,15.97
25.65540879,17.52598071,15.97
27.79007017,17.7745886,15.97
18.50037837,18.14111353,15.97
16.75804285,18.8527982,15.97
15.6757137,19.53857723,15.97
23.88388578,19.53857723,15.97
18.26165381,19.87259419,15.97
22.94689521,19.87259419,15.97
19.87259419,20.20108908,15.97
27.15113257,20.84255263,15.97
18.73606149,20.94755356,15.97
21.76933623,20.94755356,15.97
22.16880691,21.15599206,15.97
29.9190909,21.15599206,15.97
24.33885782,21.36239687,15.97
18.50037837,21.76933623,15.97
22.94689521,21.76933623,15.97
26.6618829,21.76933623,15.97
27.71100864,21.76933623,15.97
22.94689521,22.56120564,15.97
28.10409223,23.79184734,15.97
27.71100864,25.13706427,15.97
23.69945147,25.48379877,15.97
28.10409223,26.49679226,15.97
30.71514285,26.90761974,15.97
33.45056053,26.90761974,15.97
29.32657498,27.47245894,15.97
25.65540879,28.10409223,15.97
28.10409223,28.10409223,15.97
33.64675319,28.10409223,15.97
21.76933623,28.56865415,15.97
27.47245894,28.87420995,15.97
32.31631167,29.4758206,15.97
26.49679226,31.070243,15.97
28.87420995,32.31631167,15.97
26.16348601,34.6110387,15.97
23.23196074,37.99542078,15.97
34.42034282,37.99542078,15.97
35.54917721,39.30109413,15.97
21.76933623,39.74518839,15.97
17.01787296,0,16.923
12.21441771,5.542201729,16.923
13.89503508,8.887294301,16.923
26.16348601,9.368030743,16.923
12.56853213,11.84972574,16.923
22.46374857,11.84972574,16.923
19.65054707,12.21441771,16.923
14.51289082,12.56853213,16.923
28.87420995,12.56853213,16.923
14.20732206,12.74189939,16.923
20.52432703,13.24839613,16.923
16.75804285,14.51289082,16.923
19.65054707,14.51289082,16.923
16.22590521,14.81215717,16.923
22.16880691,14.81215717,16.923
22.94689521,14.81215717,16.923
15.10549569,15.39324527,16.923
18.50037837,15.39324527,16.923
20.52432703,15.6757137,16.923
21.15599206,15.9531815,16.923
22.56120564,15.9531815,16.923
15.81505612,16.22590521,16.923
26.90761974,16.22590521,16.923
18.73606149,16.49412016,16.923
19.87259419,16.75804285,16.923
29.4758206,17.01787296,16.923
17.27379518,17.52598071,16.923
21.96997952,17.7745886,16.923
23.69945147,17.7745886,16.923
29.02578164,17.7745886,16.923
14.81215717,18.01976692,16.923
20.94755356,18.01976692,16.923
27.31226831,18.73606149,16.923
25.82587849,18.96881652,16.923
25.65540879,19.19874996,16.923
17.01787296,19.42596201,16.923
19.65054707,19.53857723,16.923
24.78547962,19.53857723,16.923
20.52432703,19.65054707,16.923
19.65054707,19.87259419,16.923
19.87259419,19.87259419,16.923
26.07949386,19.87259419,16.923
22.56120564,20.52432703,16.923
23.88388578,20.52432703,16.923
29.4758206,20.52432703,16.923
22.16880691,21.464855,16.923
20.94755356,21.76933623,16.923
28.10409223,21.76933623,16.923
29.9190909,22.06961712,16.923
27.15113257,22.94689521,16.923
23.42007686,23.51357055,16.923
19.19874996,23.69945147,16.923
21.76933623,23.69945147,16.923
27.71100864,23.69945147,16.923
23.42007686,24.42883542,16.923
26.07949386,24.78547962,16.923
27.31226831,24.78547962,16.923
20.94755356,25.13706427,16.923
19.65054707,25.22419473,16.923
28.87420995,25.22419473,16.923
27.15113257,25.48379877,16.923
24.33885782,25.65540879,16.923
25.65540879,25.65540879,16.923
25.22419473,26.16348601,16.923
21.36239687,26.6618829,16.923
27.71100864,26.90761974,16.923
28.10409223,26.90761974,16.923
20.94755356,27.15113257,16.923
30.78649054,27.6317209,16.923
29.4758206,28.10409223,16.923
22.06961712,28.87420995,16.923
28.87420995,29.02578164,16.923
29.32657498,29.02578164,16.923
34.03574592,29.02578164,16.923
27.15113257,29.62431434,16.923
20.52432703,30.71514285,16.923
32.7881076,30.78649054,16.923
29.62431434,31.3514274,16.923
32.0435953,31.3514274,16.923
35.17692425,31.3514274,16.923
28.10409223,31.42133033,16.923
31.21115185,31.63011224,16.923
32.45181043,31.63011224,16.923
24.33885782,32.0435953,16.923
26.41386,32.31631167,16.923
35.05196143,33.25321037,16.923
36.76280729,33.51608569,16.923
36.34264712,33.77691519,16.923
31.63011224,35.54917721,16.923
33.45056053,35.54917721,16.923
28.87420995,35.9175723,16.923
33.77691519,36.76280729,16.923
30.71514285,37.35483904,16.923
41.89510711,37.47212297,16.923
32.45181043,38.39749992,16.923
30.78649054,40.29342378,16.923
26.16348601,0,17.876
16.75804285,12.03345337,17.876
16.22590521,13.24839613,17.876
23.88388578,13.57556629,17.876
14.95954545,14.05204611,17.876
21.464855,14.51289082,17.876
29.02578164,14.81215717,17.876
24.78547962,14.95954545,17.876
20.94755356,15.10549569,17.876
24.78547962,15.10549569,17.876
20.52432703,15.6757137,17.876
26.57946576,16.22590521,17.876
28.49175319,16.49412016,17.876
25.65540879,17.01787296,17.876
17.01787296,17.27379518,17.876
30.35588905,17.52598071,17.876
25.22419473,17.7745886,17.876
26.49679226,18.50037837,17.876
20.52432703,18.73606149,17.876
20.94755356,18.8527982,17.876
18.14111353,19.53857723,17.876
24.78547962,19.65054707,17.876
25.65540879,19.87259419,17.876
24.78547962,20.52432703,17.876
25.65540879,20.52432703,17.876
25.65540879,20.94755356,17.876
24.42883542,21.76933623,17.876
27.31226831,21.76933623,17.876
27.71100864,22.36586685,17.876
21.36239687,22.94689521,17.876
34.16442594,22.94689521,17.876
20.52432703,23.51357055,17.876
24.33885782,23.69945147,17.876
31.63011224,24.78547962,17.876
25.13706427,26.07949386,17.876
27.79007017,26.16348601,17.876
25.13706427,26.49679226,17.876
29.02578164,26.6618829,17.876
27.31226831,27.6317209,17.876
28.10409223,27.71100864,17.876
33.25321037,27.71100864,17.876
36.03953385,29.32657498,17.876
23.32620844,29.62431434,17.876
38.39749992,30.71514285,17.876
30.35588905,32.11199153,17.876
35.05196143,32.11199153,17.876
25.48379877,32.45181043,17.876
25.65540879,33.51608569,17.876
33.45056053,36.28222705,17.876
11.84972574,37.93763303,17.876
32.11199153,38.3403182,17.876
33.45056053,43.13365276,17.876
40.72669886,43.93995904,17.876
20.09218754,0,18.829
20.94755356,0,18.829
27.31226831,0,18.829
29.32657498,0,18.829
28.10409223,11.84972574,18.829
22.56120564,13.24839613,18.829
18.73606149,13.57556629,18.829
24.33885782,13.89503508,18.829
20.52432703,14.51289082,18.829
18.14111353,14.81215717,18.829
20.52432703,14.81215717,18.829
22.94689521,15.10549569,18.829
21.76933623,15.39324527,18.829
18.26165381,15.6757137,18.829
27.15113257,15.81505612,18.829
17.7745886,16.22590521,18.829
19.19874996,16.22590521,18.829
22.16880691,16.75804285,18.829
19.65054707,17.01787296,18.829
20.94755356,17.01787296,18.829
22.65824353,17.01787296,18.829
25.48379877,17.01787296,18.829
18.14111353,17.7745886,18.829
16.22590521,18.14111353,18.829
16.22590521,18.14111353,18.829
24.78547962,18.26165381,18.829
26.6618829,18.26165381,18.829
25.65540879,18.8527982,18.829
17.01787296,18.96881652,18.829
23.51357055,19.19874996,18.829
20.94755356,19.53857723,18.829
24.78547962,19.53857723,18.829
27.31226831,20.09218754,18.829
20.09218754,20.52432703,18.829
29.02578164,20.52432703,18.829
17.01787296,20.94755356,18.829
22.94689521,20.94755356,18.829
19.65054707,21.15599206,18.829
27.71100864,21.464855,18.829
24.42883542,21.76933623,18.829
29.4758206,22.06961712,18.829
23.69945147,22.94689521,18.829
28.87420995,23.23196074,18.829
27.47245894,23.51357055,18.829
23.69945147,23.69945147,18.829
24.78547962,23.69945147,18.829
24.42883542,24.78547962,18.829
21.36239687,25.22419473,18.829
31.21115185,25.48379877,18.829
22.94689521,25.65540879,18.829
30.78649054,25.82587849,18.829
25.82587849,26.49679226,18.829
28.10409223,26.90761974,18.829
31.21115185,26.90761974,18.829
24.06690674,27.6317209,18.829
25.82587849,27.79007017,18.829
28.72183838,28.87420995,18.829
25.65540879,29.9190909,18.829
29.02578164,30.78649054,18.829
31.21115185,30.78649054,18.829
23.69945147,30.85767328,18.829
24.06690674,31.21115185,18.829
34.42034282,32.0435953,18.829
28.10409223,32.31631167,18.829
35.9175723,35.05196143,18.829
29.99233235,40.34783761,18.829
32.85495396,40.72669886,18.829
28.87420995,41.04865406,18.829
42.31198412,51.22522816,18.829
18.73606149,9.825273533,19.782
18.14111353,10.04609377,19.782
20.09218754,10.26216351,19.782
22.56120564,10.88466812,19.782
6.284266067,11.47344761,19.782
14.95954545,12.56853213,19.782
16.22590521,12.91293925,19.782
19.65054707,12.91293925,19.782
22.94689521,13.24839613,19.782
26.82595758,13.24839613,19.782
16.62660519,13.57556629,19.782
19.19874996,14.51289082,19.782
18.26165381,14.81215717,19.782
21.36239687,14.81215717,19.782
17.01787296,14.95954545,19.782
20.52432703,15.10549569,19.782
14.51289082,15.39324527,19.782
20.94755356,15.39324527,19.782
25.65540879,15.39324527,19.782
12.21441771,16.22590521,19.782
23.42007686,16.22590521,19.782
24.33885782,16.75804285,19.782
19.65054707,17.01787296,19.782
23.69945147,17.27379518,19.782
21.76933623,17.52598071,19.782
21.36239687,17.7745886,19.782
21.464855,17.7745886,19.782
24.33885782,17.7745886,19.782
28.10409223,17.7745886,19.782
14.51289082,18.14111353,19.782
17.7745886,18.14111353,19.782
21.36239687,18.14111353,19.782
24.78547962,18.14111353,19.782
22.46374857,18.26165381,19.782
20.09218754,18.50037837,19.782
21.36239687,18.50037837,19.782
25.22419473,18.8527982,19.782
13.89503508,19.19874996,19.782
21.36239687,19.19874996,19.782
22.56120564,19.19874996,19.782
22.94689521,19.19874996,19.782
23.88388578,19.19874996,19.782
25.48379877,19.19874996,19.782
25.48379877,19.19874996,19.782
29.32657498,19.42596201,19.782
20.52432703,19.65054707,19.782
29.25166662,19.65054707,19.782
23.42007686,19.87259419,19.782
21.96997952,20.09218754,19.782
22.94689521,20.09218754,19.782
20.52432703,20.52432703,19.782
25.65540879,20.52432703,19.782
26.07949386,20.52432703,19.782
29.62431434,20.52432703,19.782
23.69945147,20.84255263,19.782
24.78547962,21.15599206,19.782
25.48379877,21.15599206,19.782
29.99233235,21.36239687,19.782
31.83752503,21.464855,19.782
22.65824353,21.76933623,19.782
23.69945147,21.76933623,19.782
26.6618829,21.76933623,19.782
27.6317209,21.76933623,19.782
28.79812494,21.76933623,19.782
22.16880691,22.06961712,19.782
17.01787296,22.16880691,19.782
22.94689521,22.16880691,19.782
31.3514274,22.16880691,19.782
31.42133033,22.16880691,19.782
31.63011224,22.36586685,19.782
25.65540879,22.56120564,19.782
20.52432703,22.94689521,19.782
24.42883542,23.23196074,19.782
29.62431434,23.51357055,19.782
24.42883542,24.06690674,19.782
25.22419473,24.06690674,19.782
25.22419473,24.06690674,19.782
28.10409223,24.06690674,19.782
22.94689521,24.42883542,19.782
28.10409223,24.60780364,19.782
23.69945147,24.78547962,19.782
25.48379877,25.22419473,19.782
27.15113257,25.48379877,19.782
24.78547962,25.65540879,19.782
21.36239687,25.82587849,19.782
29.32657498,25.82587849,19.782
29.62431434,25.82587849,19.782
23.88388578,26.49679226,19.782
25.22419473,26.49679226,19.782
28.10409223,26.49679226,19.782
40.51064058,26.49679226,19.782
22.46374857,26.6618829,19.782
31.070243,26.82595758,19.782
26.90761974,26.90761974,19.782
28.79812494,27.15113257,19.782
29.25166662,27.15113257,19.782
19.87259419,27.71100864,19.782
25.13706427,28.10409223,19.782
24.06690674,28.87420995,19.782
31.7685379,28.87420995,19.782
21.76933623,29.62431434,19.782
32.7881076,29.9190909,19.782
28.56865415,30.35588905,19.782
35.48740622,30.35588905,19.782
8.379021423,30.78649054,19.782
35.54917721,31.070243,19.782
29.25166662,31.21115185,19.782
29.4758206,31.3514274,19.782
27.71100864,31.63011224,19.782
35.54917721,31.7685379,19.782
29.9190909,31.83752503,19.782
29.02578164,32.0435953,19.782
29.99233235,33.25321037,19.782
24.78547962,33.71189701,19.782
32.98824033,34.03574592,19.782
29.02578164,34.42034282,19.782
35.48740622,34.42034282,19.782
31.3514274,34.80068965,19.782
28.10409223,35.54917721,19.782
29.62431434,36.03953385,19.782
34.80068965,36.28222705,19.782
37.35483904,37.35483904,19.782
37.99542078,37.93763303,19.782
22.36586685,37.99542078,19.782
28.49175319,39.30109413,19.782
36.28222705,40.61881338,19.782
31.42133033,41.2086884,19.782
42.20815087,43.93995904,19.782
24.78547962,44.48581796,19.782
20.84255263,0,20.735
20.84255263,7.552747844,20.735
13.081743,11.08440346,20.735
20.52432703,12.21441771,20.735
14.05204611,13.57556629,20.735
20.52432703,13.89503508,20.735
20.52432703,13.89503508,20.735
15.10549569,14.20732206,20.735
17.01787296,14.51289082,20.735
19.65054707,14.51289082,20.735
14.51289082,15.39324527,20.735
16.49412016,15.39324527,20.735
18.14111353,15.39324527,20.735
22.16880691,15.6757137,20.735
22.94689521,15.6757137,20.735
24.06690674,15.6757137,20.735
19.87259419,16.22590521,20.735
22.94689521,16.49412016,20.735
23.69945147,16.75804285,20.735
20.52432703,17.27379518,20.735
20.94755356,17.27379518,20.735
24.06690674,17.27379518,20.735
17.7745886,17.40034482,20.735
15.39324527,17.7745886,20.735
18.8527982,17.7745886,20.735
19.53857723,17.7745886,20.735
26.07949386,17.7745886,20.735
21.36239687,18.14111353,20.735
26.49679226,18.26165381,20.735
21.96997952,18.50037837,20.735
27.6317209,18.50037837,20.735
18.50037837,18.8527982,20.735
19.65054707,18.8527982,20.735
26.49679226,18.8527982,20.735
26.49679226,19.19874996,20.735
25.65540879,19.53857723,20.735
16.22590521,19.87259419,20.735
22.16880691,19.87259419,20.735
25.65540879,19.87259419,20.735
25.22419473,20.09218754,20.735
22.94689521,20.20108908,20.735
20.94755356,20.52432703,20.735
22.46374857,20.52432703,20.735
24.78547962,20.52432703,20.735
21.36239687,20.84255263,20.735
24.78547962,20.94755356,20.735
17.7745886,21.36239687,20.735
21.464855,21.464855,20.735
23.32620844,21.464855,20.735
27.31226831,21.464855,20.735
28.49175319,21.464855,20.735
32.0435953,21.464855,20.735
22.94689521,21.96997952,20.735
14.81215717,22.94689521,20.735
17.01787296,22.94689521,20.735
22.36586685,22.94689521,20.735
30.78649054,22.94689521,20.735
25.65540879,23.42007686,20.735
28.10409223,23.42007686,20.735
25.65540879,23.88388578,20.735
31.21115185,24.33885782,20.735
37.00075675,24.33885782,20.735
24.78547962,24.60780364,20.735
29.02578164,24.78547962,20.735
19.65054707,25.13706427,20.735
23.32620844,25.13706427,20.735
27.15113257,25.22419473,20.735
25.65540879,25.65540879,20.735
27.15113257,25.65540879,20.735
28.87420995,25.65540879,20.735
22.06961712,26.07949386,20.735
26.49679226,26.16348601,20.735
17.01787296,26.49679226,20.735
22.65824353,26.49679226,20.735
23.88388578,26.82595758,20.735
28.41464411,26.82595758,20.735
29.4758206,26.90761974,20.735
24.78547962,28.49175319,20.735
29.62431434,28.49175319,20.735
31.63011224,28.49175319,20.735
30.35588905,29.4758206,20.735
26.49679226,29.9190909,20.735
29.02578164,30.35588905,20.735
32.0435953,31.070243,20.735
27.31226831,31.63011224,20.735
33.12099032,31.7685379,20.735
29.62431434,32.0435953,20.735
37.58904096,32.11199153,20.735
28.49175319,32.31631167,20.735
28.49175319,32.45181043,20.735
28.10409223,33.64675319,20.735
33.25321037,36.03953385,20.735
13.24839613,12.56853213,21.688
19.65054707,13.24839613,21.688
19.87259419,13.24839613,21.688
20.52432703,13.89503508,21.688
21.15599206,13.89503508,21.688
20.94755356,14.51289082,21.688
20.52432703,14.81215717,21.688
21.36239687,14.81215717,21.688
19.19874996,15.39324527,21.688
21.76933623,15.39324527,21.688
18.14111353,15.6757137,21.688
19.65054707,15.9531815,21.688
23.51357055,16.75804285,21.688
23.88388578,16.75804285,21.688
20.52432703,17.01787296,21.688
29.62431434,17.01787296,21.688
20.94755356,17.27379518,21.688
21.36239687,17.40034482,21.688
26.49679226,17.52598071,21.688
14.51289082,17.7745886,21.688
19.65054707,17.7745886,21.688
27.15113257,17.7745886,21.688
22.36586685,18.01976692,21.688
28.49175319,18.01976692,21.688
19.19874996,18.14111353,21.688
21.15599206,18.14111353,21.688
25.65540879,18.14111353,21.688
21.464855,18.50037837,21.688
24.33885782,18.50037837,21.688
20.09218754,18.73606149,21.688
16.22590521,19.31269013,21.688
23.69945147,19.53857723,21.688
24.33885782,19.53857723,21.688
15.81505612,19.65054707,21.688
19.19874996,19.87259419,21.688
19.65054707,19.87259419,21.688
22.06961712,20.52432703,21.688
23.51357055,20.52432703,21.688
24.78547962,20.84255263,21.688
22.94689521,21.15599206,21.688
34.6110387,21.464855,21.688
20.09218754,21.76933623,21.688
22.16880691,21.76933623,21.688
22.94689521,21.76933623,21.688
23.69945147,21.76933623,21.688
25.22419473,21.76933623,21.688
24.33885782,21.96997952,21.688
24.42883542,22.06961712,21.688
25.65540879,22.06961712,21.688
22.06961712,22.36586685,21.688
27.31226831,22.56120564,21.688
33.51608569,22.65824353,21.688
23.42007686,23.42007686,21.688
25.22419473,23.51357055,21.688
26.82595758,23.51357055,21.688
20.09218754,24.06690674,21.688
24.78547962,24.06690674,21.688
31.070243,24.06690674,21.688
27.15113257,24.33885782,21.688
28.10409223,24.42883542,21.688
40.83429931,24.42883542,21.688
26.49679226,24.78547962,21.688
26.90761974,24.78547962,21.688
23.42007686,25.22419473,21.688
23.42007686,25.65540879,21.688
24.33885782,25.65540879,21.688
28.49175319,25.65540879,21.688
33.25321037,25.65540879,21.688
28.87420995,25.82587849,21.688
20.94755356,26.16348601,21.688
29.62431434,26.16348601,21.688
26.16348601,26.49679226,21.688
27.6317209,26.49679226,21.688
27.71100864,26.49679226,21.688
31.21115185,26.49679226,21.688
22.94689521,27.15113257,21.688
25.82587849,27.15113257,21.688
24.78547962,27.31226831,21.688
29.99233235,27.31226831,21.688
27.47245894,28.41464411,21.688
29.4758206,28.87420995,21.688
30.35588905,29.32657498,21.688
28.41464411,29.62431434,21.688
18.50037837,29.9190909,21.688
28.56865415,30.35588905,21.688
30.50009836,32.85495396,21.688
16.49412016,0,22.641
21.76933623,0,22.641
22.65824353,0,22.641
20.09218754,10.04609377,22.641
17.27379518,10.26216351,22.641
22.16880691,13.24839613,22.641
26.82595758,13.89503508,22.641
15.6757137,14.51289082,22.641
21.36239687,14.81215717,22.641
23.51357055,15.10549569,22.641
18.14111353,15.39324527,22.641
19.53857723,15.39324527,22.641
22.94689521,15.39324527,22.641
20.52432703,15.6757137,22.641
21.36239687,15.9531815,22.641
17.40034482,16.22590521,22.641
18.14111353,16.22590521,22.641
21.96997952,16.22590521,22.641
25.22419473,17.01787296,22.641
25.22419473,17.01787296,22.641
25.65540879,17.27379518,22.641
19.19874996,17.40034482,22.641
26.82595758,17.52598071,22.641
29.4758206,17.52598071,22.641
14.51289082,17.7745886,22.641
20.94755356,17.7745886,22.641
22.16880691,17.7745886,22.641
25.65540879,17.7745886,22.641
23.88388578,18.14111353,22.641
27.31226831,18.14111353,22.641
20.52432703,18.50037837,22.641
24.42883542,18.50037837,22.641
25.82587849,18.73606149,22.641
27.6317209,18.73606149,22.641
17.7745886,18.8527982,22.641
21.464855,18.8527982,22.641
22.16880691,18.8527982,22.641
25.65540879,18.8527982,22.641
22.94689521,18.96881652,22.641
14.51289082,19.19874996,22.641
23.42007686,19.19874996,22.641
22.94689521,19.65054707,22.641
14.20732206,19.87259419,22.641
17.7745886,19.87259419,22.641
21.36239687,19.87259419,22.641
21.96997952,19.87259419,22.641
22.94689521,19.87259419,22.641
26.49679226,19.87259419,22.641
20.94755356,20.09218754,22.641
22.94689521,20.09218754,22.641
26.90761974,20.09218754,22.641
20.94755356,20.20108908,22.641
27.15113257,20.20108908,22.641
20.94755356,20.30940669,22.641
22.56120564,20.52432703,22.641
24.06690674,20.52432703,22.641
25.65540879,20.52432703,22.641
25.82587849,20.84255263,22.641
27.71100864,20.84255263,22.641
20.94755356,20.94755356,22.641
21.96997952,20.94755356,22.641
25.22419473,20.94755356,22.641
18.73606149,21.15599206,22.641
19.19874996,21.464855,22.641
21.76933623,21.464855,22.641
28.10409223,21.464855,22.641
33.12099032,21.56682638,22.641
18.14111353,21.76933623,22.641
30.35588905,22.06961712,22.641
15.39324527,22.16880691,22.641
22.94689521,22.36586685,22.641
27.79007017,22.36586685,22.641
27.15113257,22.56120564,22.641
32.45181043,22.56120564,22.641
26.82595758,22.75486761,22.641
20.94755356,22.94689521,22.641
25.82587849,23.23196074,22.641
25.22419473,23.69945147,22.641
28.10409223,23.69945147,22.641
31.070243,23.79184734,22.641
31.21115185,23.79184734,22.641
17.7745886,23.88388578,22.641
26.49679226,24.06690674,22.641
21.76933623,24.33885782,22.641
28.79812494,24.33885782,22.641
27.79007017,24.60780364,22.641
30.35588905,25.13706427,22.641
34.16442594,25.22419473,22.641
24.78547962,25.48379877,22.641
29.02578164,25.65540879,22.641
32.11199153,25.91069277,22.641
24.78547962,26.16348601,22.641
28.10409223,26.6618829,22.641
25.65540879,26.82595758,22.641
26.82595758,26.82595758,22.641
27.47245894,26.90761974,22.641
21.76933623,27.15113257,22.641
27.31226831,27.31226831,22.641
23.69945147,27.47245894,22.641
27.79007017,27.79007017,22.641
23.69945147,28.10409223,22.641
31.3514274,28.10409223,22.641
39.30109413,28.10409223,22.641
29.4758206,29.25166662,22.641
30.35588905,29.4758206,22.641
22.94689521,29.62431434,22.641
27.15113257,29.62431434,22.641
19.53857723,29.9190909,22.641
27.71100864,30.35588905,22.641
29.02578164,30.71514285,22.641
19.87259419,30.78649054,22.641
27.31226831,30.78649054,22.641
32.85495396,31.42133033,22.641
28.49175319,32.31631167,22.641
39.74518839,32.45181043,22.641
33.25321037,33.25321037,22.641
33.71189701,34.03574592,22.641
32.45181043,34.16442594,22.641
41.84270546,34.73758771,22.641
30.78649054,35.05196143,22.641
28.10409223,42.62196617,22.641
42.72479374,56.20818446,22.641
14.51289082,0,23.594
27.71100864,0,23.594
16.22590521,10.26216351,23.594
17.7745886,12.21441771,23.594
22.16880691,14.51289082,23.594
23.42007686,15.39324527,23.594
14.95954545,16.22590521,23.594
15.6757137,16.22590521,23.594
22.94689521,16.22590521,23.594
20.94755356,16.75804285,23.594
24.42883542,17.40034482,23.594
26.07949386,17.52598071,23.594
23.42007686,17.7745886,23.594
25.13706427,18.01976692,23.594
27.71100864,18.01976692,23.594
22.46374857,18.14111353,23.594
18.8527982,18.26165381,23.594
22.94689521,18.50037837,23.594
24.33885782,18.50037837,23.594
17.01787296,18.8527982,23.594
28.25979476,18.8527982,23.594
22.56120564,19.19874996,23.594
24.42883542,19.42596201,23.594
20.94755356,19.53857723,23.594
26.6618829,19.65054707,23.594
18.14111353,19.87259419,23.594
20.41714965,19.87259419,23.594
26.90761974,20.30940669,23.594
30.78649054,20.52432703,23.594
24.78547962,21.15599206,23.594
19.65054707,21.36239687,23.594
21.76933623,21.464855,23.594
19.19874996,21.76933623,23.594
21.96997952,21.76933623,23.594
29.8456697,21.76933623,23.594
25.13706427,22.06961712,23.594
30.35588905,22.06961712,23.594
31.070243,22.06961712,23.594
26.16348601,22.56120564,23.594
23.42007686,22.94689521,23.594
19.87259419,23.51357055,23.594
29.9190909,23.51357055,23.594
35.9175723,24.33885782,23.594
26.49679226,25.48379877,23.594
26.57946576,25.48379877,23.594
30.78649054,25.48379877,23.594
29.02578164,25.82587849,23.594
32.85495396,25.82587849,23.594
29.62431434,26.90761974,23.594
33.71189701,26.90761974,23.594
22.56120564,27.15113257,23.594
30.78649054,27.15113257,23.594
24.33885782,27.79007017,23.594
35.67239829,28.10409223,23.594
28.49175319,28.87420995,23.594
30.85767328,29.02578164,23.594
27.31226831,29.4758206,23.594
22.94689521,31.21115185,23.594
37.99542078,31.42133033,23.594
34.6110387,34.16442594,23.594
27.15113257,35.54917721,23.594
29.62431434,41.89510711,23.594
60.7117781,50.44838947,23.594
17.7745886,0,24.547
20.52432703,0,24.547
20.52432703,0,24.547
21.96997952,0,24.547
26.49679226,0,24.547
28.41464411,0,24.547
31.3514274,0,24.547
38.39749992,0,24.547
17.7745886,5.542201729,24.547
21.96997952,7.552747844,24.547
13.89503508,8.112952607,24.547
19.87259419,12.56853213,24.547
20.52432703,12.91293925,24.547
18.14111353,13.89503508,24.547
21.76933623,13.89503508,24.547
21.464855,14.20732206,24.547
24.42883542,14.51289082,24.547
29.25166662,14.51289082,24.547
22.94689521,14.81215717,24.547
24.06690674,15.10549569,24.547
21.36239687,15.39324527,24.547
19.87259419,15.6757137,24.547
26.49679226,15.6757137,24.547
16.62660519,16.22590521,24.547
21.36239687,16.22590521,24.547
21.36239687,16.22590521,24.547
17.40034482,16.49412016,24.547
20.94755356,16.62660519,24.547
29.9190909,16.62660519,24.547
20.52432703,16.75804285,24.547
21.15599206,16.75804285,24.547
22.56120564,16.75804285,24.547
29.62431434,17.01787296,24.547
19.87259419,17.27379518,24.547
21.76933623,17.40034482,24.547
21.464855,17.52598071,24.547
20.94755356,17.7745886,24.547
22.94689521,17.7745886,24.547
27.15113257,17.7745886,24.547
23.32620844,18.01976692,24.547
20.09218754,18.14111353,24.547
29.32657498,18.8527982,24.547
20.94755356,19.19874996,24.547
24.78547962,19.19874996,24.547
25.65540879,19.19874996,24.547
26.07949386,19.19874996,24.547
27.47245894,19.19874996,24.547
34.42034282,19.19874996,24.547
27.31226831,19.42596201,24.547
20.94755356,19.53857723,24.547
22.94689521,19.53857723,24.547
28.56865415,19.53857723,24.547
22.16880691,19.65054707,24.547
18.50037837,19.87259419,24.547
20.09218754,19.87259419,24.547
20.52432703,19.87259419,24.547
20.94755356,19.87259419,24.547
21.96997952,19.87259419,24.547
20.94755356,20.20108908,24.547
23.42007686,20.20108908,24.547
26.16348601,20.20108908,24.547
22.06961712,20.30940669,24.547
25.48379877,20.30940669,24.547
28.87420995,20.30940669,24.547
27.71100864,20.52432703,24.547
33.12099032,20.52432703,24.547
24.33885782,20.84255263,24.547
12.74189939,20.94755356,24.547
25.13706427,20.94755356,24.547
26.16348601,20.94755356,24.547
20.52432703,21.15599206,24.547
21.76933623,21.15599206,24.547
26.49679226,21.15599206,24.547
30.35588905,21.15599206,24.547
25.82587849,21.464855,24.547
27.31226831,21.464855,24.547
27.79007017,21.464855,24.547
28.10409223,21.464855,24.547
28.72183838,21.464855,24.547
30.78649054,21.464855,24.547
22.94689521,22.06961712,24.547
25.82587849,22.06961712,24.547
27.71100864,22.06961712,24.547
27.71100864,22.46374857,24.547
21.36239687,22.94689521,24.547
28.10409223,22.94689521,24.547
28.10409223,22.94689521,24.547
28.10409223,22.94689521,24.547
29.9190909,22.94689521,24.547
24.42883542,23.23196074,24.547
23.88388578,23.32620844,24.547
28.56865415,23.32620844,24.547
35.36354055,23.32620844,24.547
23.42007686,23.42007686,24.547
20.94755356,23.51357055,24.547
22.65824353,23.51357055,24.547
22.06961712,23.69945147,24.547
28.56865415,23.69945147,24.547
29.4758206,23.69945147,24.547
28.87420995,23.79184734,24.547
22.56120564,23.88388578,24.547
25.65540879,23.88388578,24.547
22.94689521,24.06690674,24.547
23.88388578,24.33885782,24.547
25.48379877,24.33885782,24.547
35.54917721,24.33885782,24.547
31.070243,24.42883542,24.547
37.47212297,24.42883542,24.547
21.464855,24.78547962,24.547
28.10409223,24.78547962,24.547
27.15113257,25.13706427,24.547
31.21115185,25.13706427,24.547
20.94755356,25.22419473,24.547
27.31226831,25.22419473,24.547
28.10409223,25.22419473,24.547
25.65540879,25.39755894,24.547
30.21099138,25.48379877,24.547
22.94689521,25.65540879,24.547
25.13706427,25.65540879,24.547
25.65540879,25.65540879,24.547
28.10409223,25.65540879,24.547
24.78547962,25.82587849,24.547
41.2086884,25.82587849,24.547
28.56865415,26.07949386,24.547
19.87259419,26.16348601,24.547
27.15113257,26.16348601,24.547
21.464855,26.49679226,24.547
23.69945147,26.49679226,24.547
26.6618829,26.49679226,24.547
29.25166662,26.49679226,24.547
35.54917721,26.49679226,24.547
28.56865415,26.57946576,24.547
25.13706427,26.82595758,24.547
30.21099138,26.90761974,24.547
27.15113257,27.15113257,24.547
32.0435953,27.31226831,24.547
24.06690674,27.47245894,24.547
31.070243,27.6317209,24.547
31.63011224,27.6317209,24.547
22.16880691,28.10409223,24.547
22.94689521,28.10409223,24.547
26.90761974,28.10409223,24.547
25.48379877,28.72183838,24.547
26.90761974,28.87420995,24.547
28.10409223,28.87420995,24.547
36.76280729,28.87420995,24.547
24.33885782,29.02578164,24.547
26.49679226,29.02578164,24.547
24.06690674,29.32657498,24.547
33.25321037,29.4758206,24.547
29.02578164,29.9190909,24.547
25.13706427,29.99233235,24.547
31.21115185,30.35588905,24.547
29.62431434,30.50009836,24.547
39.96538502,30.50009836,24.547
27.47245894,31.070243,24.547
33.64675319,31.070243,24.547
34.10014663,31.070243,24.547
26.16348601,31.21115185,24.547
33.25321037,31.3514274,24.547
26.90761974,31.63011224,24.547
22.94689521,32.0435953,24.547
32.85495396,32.31631167,24.547
29.25166662,32.45181043,24.547
32.31631167,32.45181043,24.547
33.25321037,32.45181043,24.547
30.21099138,33.12099032,24.547
30.78649054,33.25321037,24.547
26.49679226,33.51608569,24.547
33.71189701,33.64675319,24.547
26.6618829,33.71189701,24.547
33.51608569,34.16442594,24.547
30.35588905,34.42034282,24.547
35.54917721,34.54759036,24.547
40.34783761,35.05196143,24.547
35.9175723,35.54917721,24.547
41.2086884,35.54917721,24.547
30.35588905,36.03953385,24.547
34.42034282,36.64325313,24.547
33.51608569,37.00075675,24.547
32.85495396,37.17821943,24.547
26.90761974,37.47212297,24.547
36.34264712,37.47212297,24.547
31.070243,37.58904096,24.547
31.21115185,37.7055964,24.547
30.78649054,38.22569816,24.547
34.73758771,43.08275757,24.547
42.15613834,43.08275757,24.547
34.42034282,44.43647151,24.547
32.11199153,60.7117781,24.547
23.69945147,0,25.5
30.78649054,0,25.5
15.39324527,6.947517542,25.5
22.06961712,11.84972574,25.5
26.16348601,14.81215717,25.5
17.7745886,15.10549569,25.5
24.06690674,15.39324527,25.5
20.94755356,16.22590521,25.5
21.96997952,16.22590521,25.5
15.39324527,17.40034482,25.5
24.06690674,17.52598071,25.5
24.33885782,17.52598071,25.5
25.22419473,17.52598071,25.5
18.73606149,18.14111353,25.5
21.36239687,18.14111353,25.5
22.94689521,18.14111353,25.5
33.12099032,18.14111353,25.5
33.71189701,18.26165381,25.5
23.69945147,18.73606149,25.5
20.94755356,18.8527982,25.5
20.94755356,18.8527982,25.5
22.56120564,18.8527982,25.5
25.65540879,18.8527982,25.5
21.76933623,18.96881652,25.5
21.76933623,19.19874996,25.5
22.16880691,19.19874996,25.5
17.27379518,19.87259419,25.5
21.36239687,19.87259419,25.5
21.76933623,19.87259419,25.5
24.33885782,19.87259419,25.5
24.78547962,19.87259419,25.5
33.45056053,19.87259419,25.5
27.71100864,20.09218754,25.5
29.99233235,20.09218754,25.5
28.79812494,20.20108908,25.5
21.15599206,20.52432703,25.5
25.65540879,20.52432703,25.5
25.82587849,20.94755356,25.5
24.06690674,21.15599206,25.5
23.88388578,21.36239687,25.5
24.06690674,21.36239687,25.5
24.78547962,21.464855,25.5
21.96997952,21.76933623,25.5
21.96997952,21.76933623,25.5
26.49679226,21.76933623,25.5
28.79812494,21.76933623,25.5
26.16348601,21.96997952,25.5
22.16880691,22.65824353,25.5
25.48379877,22.65824353,25.5
26.49679226,22.94689521,25.5
28.49175319,22.94689521,25.5
25.65540879,23.32620844,25.5
24.42883542,23.42007686,25.5
29.4758206,23.42007686,25.5
27.71100864,23.51357055,25.5
28.87420995,24.06690674,25.5
36.76280729,24.33885782,25.5
20.52432703,24.42883542,25.5
28.49175319,24.42883542,25.5
26.07949386,24.60780364,25.5
29.32657498,24.60780364,25.5
29.99233235,24.60780364,25.5
32.85495396,24.78547962,25.5
30.71514285,25.13706427,25.5
29.9190909,25.65540879,25.5
29.25166662,25.82587849,25.5
30.35588905,25.82587849,25.5
28.49175319,26.16348601,25.5
24.78547962,26.49679226,25.5
26.49679226,26.49679226,25.5
30.78649054,26.49679226,25.5
25.65540879,27.15113257,25.5
27.71100864,27.31226831,25.5
25.48379877,27.71100864,25.5
29.4758206,27.71100864,25.5
32.31631167,27.71100864,25.5
27.31226831,28.56865415,25.5
24.78547962,29.02578164,25.5
35.9175723,29.25166662,25.5
25.65540879,29.99233235,25.5
24.78547962,30.35588905,25.5
24.06690674,30.57194793,25.5
29.02578164,31.906363,25.5
31.63011224,32.45181043,25.5
32.31631167,32.45181043,25.5
39.74518839,33.51608569,25.5
29.62431434,33.71189701,25.5
31.63011224,33.71189701,25.5
31.63011224,34.03574592,25.5
40.18437507,39.24522901,25.5
39.24522901,39.30109413,25.5
42.62196617,40.51064058,25.5
35.54917721,41.2086884,25.5
20.52432703,0,26.453
22.16880691,0,26.453
24.60780364,0,26.453
19.31269013,6.624198065,26.453
18.26165381,14.20732206,26.453
21.76933623,14.51289082,26.453
22.56120564,14.51289082,26.453
24.33885782,14.81215717,26.453
19.65054707,15.10549569,26.453
22.94689521,15.10549569,26.453
11.84972574,15.39324527,26.453
21.96997952,15.39324527,26.453
24.33885782,15.39324527,26.453
26.16348601,15.6757137,26.453
20.94755356,15.9531815,26.453
16.75804285,16.22590521,26.453
18.14111353,16.22590521,26.453
26.49679226,16.22590521,26.453
19.65054707,16.75804285,26.453
25.65540879,16.75804285,26.453
20.20108908,17.01787296,26.453
20.84255263,17.52598071,26.453
21.76933623,17.52598071,26.453
19.87259419,17.7745886,26.453
19.87259419,17.7745886,26.453
22.46374857,17.7745886,26.453
22.16880691,18.01976692,26.453
23.69945147,18.01976692,26.453
16.22590521,18.14111353,26.453
15.6757137,18.50037837,26.453
17.7745886,18.50037837,26.453
21.96997952,18.50037837,26.453
22.94689521,18.50037837,26.453
22.94689521,18.8527982,26.453
22.56120564,19.19874996,26.453
23.42007686,19.19874996,26.453
23.42007686,19.19874996,26.453
25.65540879,19.19874996,26.453
29.4758206,19.19874996,26.453
44.48581796,19.19874996,26.453
21.15599206,19.53857723,26.453
26.6618829,19.53857723,26.453
22.56120564,19.65054707,26.453
23.88388578,19.87259419,26.453
24.78547962,19.87259419,26.453
27.71100864,19.87259419,26.453
29.62431434,19.87259419,26.453
29.25166662,20.09218754,26.453
20.09218754,20.20108908,26.453
21.464855,20.20108908,26.453
31.3514274,20.30940669,26.453
31.7685379,20.30940669,26.453
35.9175723,20.30940669,26.453
20.09218754,20.52432703,26.453
25.65540879,20.52432703,26.453
21.76933623,20.84255263,26.453
22.94689521,20.84255263,26.453
24.33885782,20.84255263,26.453
26.82595758,20.94755356,26.453
15.10549569,21.15599206,26.453
28.25979476,21.15599206,26.453
23.42007686,21.36239687,26.453
21.76933623,21.464855,26.453
26.6618829,21.464855,26.453
17.01787296,21.56682638,26.453
21.15599206,21.76933623,26.453
22.65824353,21.76933623,26.453
22.94689521,21.76933623,26.453
25.48379877,21.76933623,26.453
30.50009836,21.76933623,26.453
20.41714965,21.96997952,26.453
23.42007686,22.06961712,26.453
29.25166662,22.06961712,26.453
22.94689521,22.16880691,26.453
27.47245894,22.16880691,26.453
28.49175319,22.16880691,26.453
25.82587849,22.56120564,26.453
26.07949386,22.56120564,26.453
20.94755356,22.65824353,26.453
25.48379877,22.65824353,26.453
33.71189701,22.65824353,26.453
21.464855,22.94689521,26.453
23.42007686,22.94689521,26.453
30.35588905,22.94689521,26.453
31.3514274,22.94689521,26.453
30.35588905,23.23196074,26.453
19.65054707,23.32620844,26.453
24.33885782,23.42007686,26.453
27.47245894,23.51357055,26.453
27.71100864,23.51357055,26.453
18.8527982,23.69945147,26.453
21.15599206,23.79184734,26.453
25.48379877,23.79184734,26.453
22.94689521,24.06690674,26.453
22.94689521,24.33885782,26.453
26.16348601,24.33885782,26.453
19.65054707,24.42883542,26.453
28.10409223,24.42883542,26.453
24.78547962,24.78547962,26.453
27.31226831,24.78547962,26.453
27.71100864,24.87384168,26.453
28.56865415,24.87384168,26.453
23.69945147,25.13706427,26.453
27.71100864,25.39755894,26.453
26.90761974,25.48379877,26.453
25.22419473,25.65540879,26.453
21.96997952,26.49679226,26.453
35.54917721,26.49679226,26.453
27.79007017,26.90761974,26.453
29.62431434,27.15113257,26.453
34.6110387,27.6317209,26.453
20.52432703,27.79007017,26.453
22.94689521,28.10409223,26.453
26.49679226,28.10409223,26.453
29.9190909,28.33732521,26.453
28.72183838,28.49175319,26.453
29.9190909,28.87420995,26.453
26.90761974,29.02578164,26.453
27.71100864,29.02578164,26.453
30.35588905,29.02578164,26.453
33.64675319,29.02578164,26.453
24.06690674,29.25166662,26.453
31.070243,29.25166662,26.453
28.10409223,29.32657498,26.453
32.45181043,29.32657498,26.453
23.69945147,29.4758206,26.453
23.32620844,29.62431434,26.453
26.16348601,29.62431434,26.453
30.35588905,29.62431434,26.453
27.71100864,29.9190909,26.453
29.32657498,29.9190909,26.453
37.35483904,29.9190909,26.453
26.90761974,29.99233235,26.453
27.71100864,30.35588905,26.453
28.49175319,30.35588905,26.453
29.99233235,30.35588905,26.453
28.87420995,30.71514285,26.453
33.51608569,30.78649054,26.453
29.02578164,30.85767328,26.453
26.07949386,31.21115185,26.453
30.71514285,31.42133033,26.453
27.71100864,32.45181043,26.453
28.10409223,32.45181043,26.453
28.87420995,32.45181043,26.453
29.02578164,32.7881076,26.453
27.71100864,33.12099032,26.453
22.94689521,33.25321037,26.453
32.11199153,33.25321037,26.453
38.39749992,33.64675319,26.453
33.64675319,34.03574592,26.453
30.21099138,34.73758771,26.453
35.67239829,35.54917721,26.453
25.13706427,37.17821943,26.453
34.73758771,38.62538026,26.453
23.32620844,38.73881774,26.453
34.73758771,39.57923698,26.453
25.48379877,41.04865406,26.453
37.17821943,41.36810365,26.453
39.07715445,41.84270546,26.453
37.35483904,48.67771564,26.453
20.52432703,0,27.406
26.49679226,0,27.406
31.83752503,0,27.406
29.25166662,12.56853213,27.406
20.52432703,13.57556629,27.406
22.56120564,13.89503508,27.406
20.94755356,14.05204611,27.406
22.16880691,14.51289082,27.406
23.42007686,15.10549569,27.406
23.42007686,15.10549569,27.406
29.9190909,15.10549569,27.406
15.39324527,15.39324527,27.406
18.50037837,15.39324527,27.406
21.96997952,15.6757137,27.406
24.42883542,15.6757137,27.406
26.16348601,15.6757137,27.406
18.26165381,15.9531815,27.406
19.65054707,16.22590521,27.406
21.76933623,16.22590521,27.406
31.83752503,16.22590521,27.406
16.22590521,16.49412016,27.406
21.76933623,16.62660519,27.406
28.49175319,16.62660519,27.406
16.75804285,16.75804285,27.406
20.94755356,16.75804285,27.406
23.32620844,16.75804285,27.406
17.7745886,17.27379518,27.406
23.69945147,17.27379518,27.406
26.49679226,17.7745886,27.406
34.80068965,18.14111353,27.406
28.49175319,18.26165381,27.406
26.49679226,18.8527982,27.406
32.45181043,18.96881652,27.406
27.6317209,19.19874996,27.406
25.82587849,19.65054707,27.406
21.76933623,19.87259419,27.406
24.78547962,19.87259419,27.406
27.71100864,19.87259419,27.406
22.56120564,20.52432703,27.406
27.31226831,20.52432703,27.406
20.09218754,20.84255263,27.406
19.53857723,21.15599206,27.406
23.42007686,21.15599206,27.406
28.10409223,21.15599206,27.406
26.49679226,21.36239687,27.406
25.48379877,21.464855,27.406
25.65540879,21.464855,27.406
16.75804285,22.06961712,27.406
24.42883542,22.06961712,27.406
37.47212297,22.16880691,27.406
26.49679226,22.36586685,27.406
34.03574592,22.56120564,27.406
19.19874996,22.65824353,27.406
25.65540879,22.94689521,27.406
29.02578164,22.94689521,27.406
27.79007017,23.23196074,27.406
33.45056053,23.51357055,27.406
28.87420995,24.33885782,27.406
24.78547962,24.78547962,27.406
31.21115185,25.13706427,27.406
24.78547962,25.22419473,27.406
31.63011224,25.22419473,27.406
26.07949386,25.48379877,27.406
25.65540879,25.65540879,27.406
29.32657498,26.16348601,27.406
28.49175319,27.71100864,27.406
26.16348601,28.49175319,27.406
27.6317209,28.56865415,27.406
24.42883542,28.79812494,27.406
29.99233235,28.87420995,27.406
24.06690674,29.99233235,27.406
26.6618829,29.99233235,27.406
22.94689521,30.35588905,27.406
36.64325313,30.35588905,27.406
29.62431434,30.78649054,27.406
30.35588905,30.78649054,27.406
28.10409223,31.21115185,27.406
29.99233235,31.21115185,27.406
24.78547962,31.3514274,27.406
32.45181043,32.11199153,27.406
30.35588905,33.25321037,27.406
29.02578164,33.77691519,27.406
34.03574592,34.73758771,27.406
30.35588905,36.28222705,27.406
32.7881076,36.52330763,27.406
28.10409223,37.17821943,27.406
39.18928425,37.47212297,27.406
35.54917721,38.39749992,27.406
35.17692425,39.74518839,27.406
25.65540879,40.23893637,27.406
35.48740622,42.92970999,27.406
23.88388578,0,28.359
25.39755894,0,28.359
28.87420995,0,28.359
21.76933623,13.89503508,28.359
18.8527982,14.20732206,28.359
22.94689521,14.20732206,28.359
17.7745886,14.81215717,28.359
16.22590521,15.10549569,28.359
18.50037837,15.39324527,28.359
21.36239687,15.6757137,28.359
25.22419473,16.22590521,28.359
15.6757137,16.49412016,28.359
22.94689521,16.49412016,28.359
15.39324527,16.75804285,28.359
23.42007686,16.75804285,28.359
24.42883542,16.75804285,28.359
25.13706427,16.75804285,28.359
25.13706427,16.75804285,28.359
27.6317209,17.01787296,28.359
22.56120564,17.7745886,28.359
27.15113257,17.7745886,28.359
29.99233235,17.7745886,28.359
28.10409223,18.01976692,28.359
23.32620844,18.14111353,28.359
25.82587849,18.26165381,28.359
20.94755356,18.50037837,28.359
23.69945147,18.73606149,28.359
21.36239687,18.8527982,28.359
22.16880691,18.8527982,28.359
24.06690674,18.8527982,28.359
21.76933623,18.96881652,28.359
23.88388578,18.96881652,28.359
22.56120564,19.19874996,28.359
22.56120564,19.19874996,28.359
24.06690674,19.42596201,28.359
16.22590521,19.53857723,28.359
22.16880691,19.53857723,28.359
26.16348601,19.65054707,28.359
21.36239687,19.87259419,28.359
26.49679226,19.87259419,28.359
27.6317209,19.87259419,28.359
28.10409223,19.87259419,28.359
22.94689521,20.20108908,28.359
20.09218754,20.52432703,28.359
25.13706427,20.84255263,28.359
27.6317209,20.94755356,28.359
23.32620844,21.15599206,28.359
23.69945147,21.15599206,28.359
22.94689521,21.464855,28.359
25.65540879,21.464855,28.359
22.56120564,21.76933623,28.359
25.13706427,21.76933623,28.359
25.65540879,22.06961712,28.359
20.94755356,22.16880691,28.359
21.15599206,22.36586685,28.359
30.71514285,22.36586685,28.359
23.23196074,22.56120564,28.359
28.10409223,22.65824353,28.359
22.94689521,22.94689521,28.359
26.49679226,22.94689521,28.359
29.62431434,22.94689521,28.359
29.9190909,22.94689521,28.359
17.27379518,23.23196074,28.359
29.62431434,23.23196074,28.359
17.01787296,23.42007686,28.359
23.32620844,23.42007686,28.359
24.78547962,23.51357055,28.359
26.07949386,23.51357055,28.359
32.11199153,23.69945147,28.359
24.06690674,24.06690674,28.359
27.79007017,24.06690674,28.359
28.56865415,24.06690674,28.359
30.35588905,24.06690674,28.359
32.45181043,24.60780364,28.359
25.65540879,24.78547962,28.359
26.07949386,25.22419473,28.359
31.070243,25.82587849,28.359
25.65540879,26.07949386,28.359
21.36239687,26.16348601,28.359
24.78547962,26.16348601,28.359
27.71100864,26.49679226,28.359
27.15113257,26.90761974,28.359
23.69945147,27.15113257,28.359
25.39755894,27.15113257,28.359
27.6317209,27.15113257,28.359
29.32657498,27.15113257,28.359
32.85495396,27.15113257,28.359
33.77691519,27.15113257,28.359
38.39749992,27.31226831,28.359
32.45181043,27.71100864,28.359
33.71189701,27.71100864,28.359
28.56865415,28.10409223,28.359
25.13706427,28.49175319,28.359
28.41464411,28.49175319,28.359
26.49679226,28.87420995,28.359
29.25166662,28.87420995,28.359
30.35588905,29.9190909,28.359
32.0435953,29.99233235,28.359
36.52330763,30.35588905,28.359
32.45181043,30.71514285,28.359
29.62431434,31.070243,28.359
27.31226831,31.3514274,28.359
40.83429931,31.906363,28.359
33.25321037,32.31631167,28.359
29.62431434,32.7881076,28.359
28.10409223,33.25321037,28.359
32.0435953,33.25321037,28.359
39.74518839,33.25321037,28.359
32.85495396,33.64675319,28.359
28.87420995,34.03574592,28.359
24.78547962,34.16442594,28.359
30.78649054,35.05196143,28.359
37.35483904,35.48740622,28.359
35.05196143,35.9175723,28.359
36.28222705,36.64325313,28.359
39.96538502,37.00075675,28.359
32.11199153,37.47212297,28.359
14.81215717,0,29.312
23.69945147,0,29.312
30.35588905,0,29.312
19.19874996,3.628222705,29.312
30.21099138,7.256445411,29.312
23.88388578,15.10549569,29.312
18.14111353,15.39324527,29.312
18.14111353,15.39324527,29.312
17.01787296,15.6757137,29.312
24.60780364,15.81505612,29.312
15.10549569,16.49412016,29.312
19.19874996,16.75804285,29.312
22.16880691,17.01787296,29.312
22.94689521,17.01787296,29.312
19.53857723,17.27379518,29.312
22.16880691,17.52598071,29.312
25.65540879,17.52598071,29.312
30.78649054,17.52598071,29.312
22.94689521,17.7745886,29.312
26.6618829,17.7745886,29.312
24.42883542,18.01976692,29.312
23.32620844,18.14111353,29.312
24.78547962,18.26165381,29.312
24.06690674,18.73606149,29.312
28.10409223,18.73606149,29.312
15.39324527,18.8527982,29.312
25.65540879,18.8527982,29.312
26.16348601,18.8527982,29.312
23.42007686,19.19874996,29.312
23.51357055,19.19874996,29.312
25.82587849,19.19874996,29.312
26.16348601,19.19874996,29.312
37.58904096,19.19874996,29.312
26.49679226,19.42596201,29.312
22.94689521,19.53857723,29.312
23.42007686,19.53857723,29.312
28.10409223,19.65054707,29.312
34.16442594,19.65054707,29.312
20.09218754,19.87259419,29.312
21.76933623,19.87259419,29.312
24.78547962,19.87259419,29.312
28.49175319,19.87259419,29.312
24.33885782,20.20108908,29.312
23.51357055,20.52432703,29.312
24.33885782,20.52432703,29.312
26.07949386,20.52432703,29.312
22.94689521,20.94755356,29.312
24.78547962,20.94755356,29.312
20.84255263,21.15599206,29.312
25.48379877,21.15599206,29.312
26.49679226,21.76933623,29.312
27.6317209,21.76933623,29.312
30.35588905,21.76933623,29.312
31.3514274,22.06961712,29.312
21.76933623,22.16880691,29.312
30.35588905,22.36586685,29.312
26.16348601,22.56120564,29.312
24.33885782,22.65824353,29.312
30.85767328,22.65824353,29.312
23.32620844,22.94689521,29.312
33.25321037,22.94689521,29.312
19.87259419,23.23196074,29.312
19.19874996,23.32620844,29.312
24.06690674,23.32620844,29.312
20.94755356,23.42007686,29.312
27.15113257,23.51357055,29.312
27.15113257,23.69945147,29.312
27.71100864,23.69945147,29.312
26.49679226,24.06690674,29.312
25.65540879,24.33885782,29.312
27.71100864,24.33885782,29.312
24.33885782,24.42883542,29.312
25.65540879,24.42883542,29.312
24.78547962,24.60780364,29.312
26.16348601,24.78547962,29.312
26.82595758,24.78547962,29.312
30.35588905,24.78547962,29.312
24.78547962,24.87384168,29.312
26.49679226,24.87384168,29.312
26.49679226,25.13706427,29.312
29.02578164,25.13706427,29.312
29.25166662,25.13706427,29.312
29.62431434,25.13706427,29.312
29.62431434,25.13706427,29.312
29.99233235,25.13706427,29.312
40.61881338,25.13706427,29.312
24.06690674,25.48379877,29.312
25.65540879,25.48379877,29.312
29.9190909,25.48379877,29.312
25.48379877,25.65540879,29.312
25.65540879,25.65540879,29.312
26.49679226,25.82587849,29.312
28.56865415,25.82587849,29.312
28.87420995,25.91069277,29.312
21.36239687,26.07949386,29.312
31.3514274,26.16348601,29.312
24.06690674,26.49679226,29.312
26.07949386,26.49679226,29.312
31.070243,26.49679226,29.312
30.85767328,26.6618829,29.312
35.48740622,26.6618829,29.312
30.35588905,26.82595758,29.312
24.78547962,27.15113257,29.312
25.65540879,27.15113257,29.312
25.65540879,27.15113257,29.312
27.71100864,27.15113257,29.312
38.7954121,27.31226831,29.312
28.87420995,27.47245894,29.312
20.94755356,27.71100864,29.312
24.78547962,27.71100864,29.312
25.82587849,27.71100864,29.312
33.25321037,27.71100864,29.312
26.49679226,28.10409223,29.312
26.49679226,28.10409223,29.312
29.02578164,28.10409223,29.312
34.03574592,28.10409223,29.312
35.9175723,28.10409223,29.312
25.22419473,28.56865415,29.312
27.6317209,28.56865415,29.312
24.78547962,28.87420995,29.312
28.10409223,29.02578164,29.312
29.25166662,29.02578164,29.312
31.3514274,29.02578164,29.312
32.45181043,29.02578164,29.312
33.25321037,29.02578164,29.312
23.51357055,29.25166662,29.312
27.15113257,29.4758206,29.312
26.16348601,29.62431434,29.312
27.71100864,29.62431434,29.312
29.99233235,29.62431434,29.312
26.49679226,30.35588905,29.312
29.4758206,30.35588905,29.312
29.4758206,30.35588905,29.312
29.9190909,30.35588905,29.312
34.03574592,30.35588905,29.312
28.10409223,30.50009836,29.312
27.6317209,30.78649054,29.312
30.35588905,30.78649054,29.312
22.36586685,31.070243,29.312
26.82595758,31.070243,29.312
27.71100864,31.21115185,29.312
37.17821943,31.63011224,29.312
30.71514285,32.0435953,29.312
27.31226831,32.45181043,29.312
28.10409223,32.45181043,29.312
31.42133033,32.7881076,29.312
26.16348601,32.85495396,29.312
33.25321037,32.85495396,29.312
27.15113257,33.25321037,29.312
34.10014663,33.25321037,29.312
36.28222705,33.45056053,29.312
28.87420995,33.64675319,29.312
24.78547962,33.71189701,29.312
36.34264712,33.77691519,29.312
28.72183838,35.05196143,29.312
29.62431434,35.05196143,29.312
28.87420995,35.48740622,29.312
32.45181043,35.9175723,29.312
34.03574592,36.34264712,29.312
38.39749992,37.00075675,29.312
38.39749992,37.35483904,29.312
37.58904096,38.73881774,29.312
30.71514285,39.18928425,29.312
45.31648707,40.72669886,29.312
31.21115185,40.83429931,29.312
25.48379877,41.04865406,29.312
40.23893637,42.92970999,29.312
37.7055964,45.31648707,29.312
44.33761383,47.76777156,29.312
48.4970927,52.45260718,29.312
9.368030743,0,30.265
32.85495396,0,30.265
27.47245894,15.39324527,30.265
25.48379877,15.9531815,30.265
13.24839613,16.22590521,30.265
20.94755356,16.22590521,30.265
20.52432703,17.01787296,30.265
20.52432703,17.27379518,30.265
19.19874996,17.7745886,30.265
21.76933623,17.7745886,30.265
25.22419473,17.7745886,30.265
30.35588905,17.7745886,30.265
20.52432703,18.01976692,30.265
28.49175319,18.01976692,30.265
22.94689521,18.26165381,30.265
14.20732206,18.50037837,30.265
22.16880691,18.8527982,30.265
28.10409223,18.96881652,30.265
24.06690674,19.19874996,30.265
25.22419473,19.19874996,30.265
28.87420995,19.19874996,30.265
31.63011224,19.42596201,30.265
7.256445411,19.53857723,30.265
27.79007017,19.53857723,30.265
23.51357055,19.65054707,30.265
22.94689521,19.87259419,30.265
31.3514274,20.09218754,30.265
19.65054707,20.20108908,30.265
22.94689521,20.20108908,30.265
25.65540879,20.20108908,30.265
26.90761974,20.30940669,30.265
23.88388578,20.52432703,30.265
25.13706427,20.52432703,30.265
30.50009836,20.52432703,30.265
24.42883542,20.73702004,30.265
22.94689521,20.84255263,30.265
21.76933623,20.94755356,30.265
24.42883542,21.15599206,30.265
25.13706427,21.15599206,30.265
26.82595758,21.15599206,30.265
18.73606149,21.36239687,30.265
22.94689521,22.06961712,30.265
23.32620844,22.06961712,30.265
30.71514285,22.65824353,30.265
20.52432703,22.94689521,30.265
21.464855,22.94689521,30.265
23.88388578,22.94689521,30.265
24.42883542,22.94689521,30.265
24.78547962,22.94689521,30.265
28.87420995,22.94689521,30.265
31.21115185,22.94689521,30.265
26.07949386,23.23196074,30.265
26.07949386,23.23196074,30.265
23.32620844,23.32620844,30.265
24.78547962,23.69945147,30.265
25.22419473,23.69945147,30.265
20.94755356,23.79184734,30.265
23.69945147,23.88388578,30.265
28.49175319,24.33885782,30.265
31.83752503,24.33885782,30.265
22.94689521,24.60780364,30.265
28.87420995,24.78547962,30.265
31.21115185,25.48379877,30.265
26.07949386,25.65540879,30.265
28.10409223,25.65540879,30.265
30.78649054,26.07949386,30.265
32.31631167,26.16348601,30.265
30.35588905,26.6618829,30.265
30.85767328,26.6618829,30.265
29.25166662,26.82595758,30.265
35.05196143,26.90761974,30.265
27.31226831,27.31226831,30.265
26.90761974,27.71100864,30.265
27.15113257,27.79007017,30.265
23.69945147,28.10409223,30.265
25.13706427,28.87420995,30.265
32.11199153,29.32657498,30.265
29.02578164,29.62431434,30.265
33.71189701,29.8456697,30.265
28.10409223,29.9190909,30.265
39.30109413,29.99233235,30.265
29.02578164,31.3514274,30.265
31.63011224,31.42133033,30.265
24.06690674,31.63011224,30.265
25.22419473,31.83752503,30.265
29.02578164,32.11199153,30.265
30.35588905,33.25321037,30.265
33.64675319,33.64675319,30.265
38.7954121,33.71189701,30.265
31.070243,34.73758771,30.265
35.9175723,35.05196143,30.265
33.25321037,35.17692425,30.265
35.54917721,35.54917721,30.265
32.7881076,36.76280729,30.265
33.64675319,36.76280729,30.265
38.22569816,38.22569816,30.265
29.02578164,38.39749992,30.265
33.71189701,38.85192402,30.265
39.74518839,42.20815087,30.265
19.19874996,0,31.218
23.69945147,0,31.218
24.42883542,0,31.218
30.78649054,0,31.218
19.87259419,10.47377678,31.218
14.81215717,13.89503508,31.218
18.14111353,13.89503508,31.218
23.42007686,15.39324527,31.218
26.07949386,16.22590521,31.218
27.71100864,16.22590521,31.218
30.78649054,16.49412016,31.218
27.71100864,17.01787296,31.218
22.16880691,17.40034482,31.218
22.56120564,17.7745886,31.218
22.94689521,18.01976692,31.218
25.65540879,18.73606149,31.218
20.41714965,18.8527982,31.218
24.60780364,18.8527982,31.218
25.65540879,18.8527982,31.218
25.48379877,18.96881652,31.218
29.9190909,18.96881652,31.218
31.63011224,18.96881652,31.218
23.32620844,19.19874996,31.218
30.78649054,19.19874996,31.218
27.71100864,20.09218754,31.218
28.10409223,20.20108908,31.218
23.88388578,20.52432703,31.218
24.33885782,20.52432703,31.218
29.62431434,20.52432703,31.218
23.42007686,20.94755356,31.218
23.69945147,20.94755356,31.218
27.6317209,20.94755356,31.218
22.16880691,21.15599206,31.218
28.10409223,21.15599206,31.218
16.49412016,21.464855,31.218
23.32620844,21.464855,31.218
24.78547962,21.464855,31.218
18.14111353,21.76933623,31.218
22.94689521,21.76933623,31.218
22.46374857,22.06961712,31.218
22.46374857,22.46374857,31.218
26.90761974,22.94689521,31.218
27.15113257,22.94689521,31.218
24.42883542,23.51357055,31.218
27.15113257,23.51357055,31.218
29.4758206,23.51357055,31.218
26.49679226,23.69945147,31.218
28.10409223,23.79184734,31.218
26.49679226,24.42883542,31.218
30.21099138,24.78547962,31.218
32.31631167,24.78547962,31.218
34.03574592,24.87384168,31.218
28.87420995,25.22419473,31.218
31.21115185,27.71100864,31.218
21.36239687,27.79007017,31.218
26.49679226,27.79007017,31.218
25.48379877,28.10409223,31.218
30.35588905,28.41464411,31.218
30.35588905,28.49175319,31.218
30.35588905,28.49175319,31.218
27.15113257,28.56865415,31.218
29.62431434,28.72183838,31.218
31.070243,28.87420995,31.218
23.51357055,29.02578164,31.218
24.78547962,29.02578164,31.218
25.82587849,29.02578164,31.218
27.15113257,29.32657498,31.218
30.35588905,29.4758206,31.218
28.87420995,29.62431434,31.218
31.3514274,29.62431434,31.218
35.48740622,29.99233235,31.218
35.05196143,30.21099138,31.218
21.76933623,30.35588905,31.218
30.78649054,30.35588905,31.218
32.98824033,30.35588905,31.218
30.35588905,30.85767328,31.218
35.05196143,31.83752503,31.218
28.10409223,32.45181043,31.218
30.71514285,32.7881076,31.218
33.77691519,32.7881076,31.218
32.45181043,32.98824033,31.218
29.99233235,33.51608569,31.218
31.3514274,33.51608569,31.218
31.070243,34.03574592,31.218
45.31648707,34.73758771,31.218
38.3403182,34.80068965,31.218
29.62431434,35.36354055,31.218
33.77691519,39.74518839,31.218
43.08275757,43.08275757,31.218
41.04865406,46.27465829,31.218
11.08440346,11.84972574,32.171
24.33885782,11.84972574,32.171
35.54917721,11.84972574,32.171
31.21115185,12.39273981,32.171
22.16880691,15.10549569,32.171
25.22419473,15.6757137,32.171
24.06690674,16.22590521,32.171
22.94689521,16.75804285,32.171
20.52432703,17.01787296,32.171
20.94755356,17.01787296,32.171
21.36239687,17.27379518,32.171
28.10409223,17.52598071,32.171
23.69945147,17.7745886,32.171
28.79812494,17.7745886,32.171
21.76933623,18.01976692,32.171
22.94689521,18.14111353,32.171
29.02578164,18.14111353,32.171
21.36239687,18.50037837,32.171
25.13706427,18.50037837,32.171
27.39248072,18.73606149,32.171
25.65540879,19.19874996,32.171
25.65540879,19.19874996,32.171
32.45181043,19.42596201,32.171
33.71189701,19.42596201,32.171
28.87420995,19.53857723,32.171
25.13706427,19.65054707,32.171
22.94689521,19.87259419,32.171
22.56120564,20.30940669,32.171
24.06690674,20.30940669,32.171
25.65540879,20.52432703,32.171
29.02578164,20.84255263,32.171
30.50009836,20.94755356,32.171
20.20108908,21.15599206,32.171
23.88388578,21.15599206,32.171
25.48379877,21.464855,32.171
24.33885782,21.76933623,32.171
25.48379877,21.76933623,32.171
26.07949386,21.76933623,32.171
24.78547962,22.16880691,32.171
26.49679226,22.56120564,32.171
29.8456697,22.94689521,32.171
35.67239829,23.69945147,32.171
24.33885782,24.06690674,32.171
28.49175319,24.06690674,32.171
31.21115185,24.06690674,32.171
23.88388578,24.33885782,32.171
27.79007017,24.33885782,32.171
31.906363,24.33885782,32.171
27.71100864,24.42883542,32.171
24.06690674,24.78547962,32.171
29.9190909,24.78547962,32.171
37.47212297,24.78547962,32.171
25.13706427,24.87384168,32.171
28.56865415,25.13706427,32.171
24.33885782,25.65540879,32.171
30.71514285,25.91069277,32.171
28.10409223,26.49679226,32.171
19.19874996,26.90761974,32.171
24.33885782,27.15113257,32.171
40.72669886,27.15113257,32.171
21.76933623,27.31226831,32.171
26.16348601,27.31226831,32.171
32.45181043,27.6317209,32.171
30.35588905,27.71100864,32.171
25.13706427,27.79007017,32.171
34.73758771,27.86890741,32.171
21.76933623,28.10409223,32.171
30.35588905,28.10409223,32.171
31.42133033,28.10409223,32.171
32.85495396,28.10409223,32.171
35.36354055,28.10409223,32.171
37.99542078,28.10409223,32.171
30.78649054,28.56865415,32.171
32.0435953,28.87420995,32.171
28.87420995,29.02578164,32.171
32.0435953,29.25166662,32.171
23.42007686,29.32657498,32.171
31.906363,29.4758206,32.171
32.0435953,29.62431434,32.171
31.83752503,29.8456697,32.171
26.49679226,29.9190909,32.171
31.63011224,29.9190909,32.171
31.3514274,30.21099138,32.171
31.906363,30.71514285,32.171
39.74518839,31.070243,32.171
30.78649054,31.3514274,32.171
26.49679226,31.63011224,32.171
26.49679226,31.83752503,32.171
28.10409223,32.7881076,32.171
42.92970999,32.7881076,32.171
28.56865415,32.85495396,32.171
37.7055964,33.25321037,32.171
31.63011224,34.73758771,32.171
31.42133033,35.9175723,32.171
41.04865406,35.9175723,32.171
37.17821943,37.00075675,32.171
35.9175723,38.05312077,32.171
40.07502963,39.07715445,32.171
33.64675319,39.57923698,32.171
36.03953385,40.72669886,32.171
37.17821943,42.72479374,32.171
39.18928425,42.72479374,32.171
39.74518839,50.27412854,32.171
44.33761383,50.79511788,32.171
8.379021423,14.05204611,33.124
25.13706427,15.10549569,33.124
32.31631167,15.9531815,33.124
18.50037837,16.22590521,33.124
21.96997952,16.22590521,33.124
24.78547962,16.49412016,33.124
20.52432703,18.01976692,33.124
24.78547962,18.01976692,33.124
22.56120564,18.26165381,33.124
21.76933623,18.50037837,33.124
23.42007686,18.50037837,33.124
27.15113257,18.50037837,33.124
25.65540879,18.96881652,33.124
26.6618829,19.19874996,33.124
22.94689521,20.20108908,33.124
23.69945147,20.94755356,33.124
22.94689521,21.15599206,33.124
22.94689521,21.15599206,33.124
27.6317209,21.76933623,33.124
27.71100864,21.76933623,33.124
25.22419473,22.65824353,33.124
32.31631167,22.94689521,33.124
32.85495396,23.23196074,33.124
24.78547962,23.88388578,33.124
20.94755356,24.06690674,33.124
23.51357055,24.06690674,33.124
28.10409223,25.48379877,33.124
31.21115185,25.65540879,33.124
31.21115185,25.82587849,33.124
23.69945147,26.07949386,33.124
21.15599206,26.49679226,33.124
24.42883542,26.49679226,33.124
29.4758206,26.49679226,33.124
26.49679226,27.47245894,33.124
27.71100864,28.10409223,33.124
29.32657498,28.10409223,33.124
25.48379877,28.56865415,33.124
26.6618829,29.02578164,33.124
37.7055964,29.4758206,33.124
30.35588905,29.9190909,33.124
41.89510711,29.99233235,33.124
27.79007017,30.50009836,33.124
26.82595758,32.45181043,33.124
29.99233235,32.45181043,33.124
33.25321037,32.45181043,33.124
22.65824353,32.98824033,33.124
39.18928425,33.12099032,33.124
28.10409223,33.25321037,33.124
42.92970999,35.54917721,33.124
26.49679226,36.64325313,33.124
38.39749992,37.47212297,33.124
44.87863634,39.30109413,33.124
45.50973522,39.74518839,33.124
49.57095924,39.74518839,33.124
31.42133033,41.04865406,33.124
38.05312077,0,34.077
29.62431434,3.628222705,34.077
21.76933623,5.924862868,34.077
23.69945147,7.256445411,34.077
27.31226831,8.112952607,34.077
22.56120564,12.03345337,34.077
24.78547962,12.39273981,34.077
22.16880691,13.57556629,34.077
24.42883542,14.81215717,34.077
25.65540879,15.39324527,34.077
32.31631167,15.6757137,34.077
20.94755356,15.9531815,34.077
27.15113257,16.49412016,34.077
21.96997952,16.75804285,34.077
28.10409223,16.75804285,34.077
31.070243,17.27379518,34.077
19.19874996,17.52598071,34.077
21.15599206,17.52598071,34.077
22.16880691,17.52598071,34.077
25.13706427,17.7745886,34.077
25.13706427,17.7745886,34.077
19.87259419,18.01976692,34.077
22.46374857,18.01976692,34.077
20.94755356,18.26165381,34.077
22.16880691,18.26165381,34.077
26.49679226,18.26165381,34.077
23.88388578,18.50037837,34.077
36.76280729,18.73606149,34.077
20.52432703,18.96881652,34.077
30.71514285,18.96881652,34.077
22.56120564,19.19874996,34.077
20.84255263,19.65054707,34.077
23.42007686,19.87259419,34.077
25.65540879,19.87259419,34.077
26.07949386,19.87259419,34.077
27.79007017,19.87259419,34.077
13.57556629,20.09218754,34.077
22.56120564,20.30940669,34.077
28.10409223,20.52432703,34.077
29.99233235,20.84255263,34.077
21.464855,20.94755356,34.077
27.71100864,21.15599206,34.077
25.22419473,21.36239687,34.077
24.33885782,21.464855,34.077
24.78547962,21.464855,34.077
27.15113257,21.464855,34.077
32.45181043,21.464855,34.077
26.49679226,21.76933623,34.077
27.15113257,21.76933623,34.077
22.16880691,22.16880691,34.077
24.78547962,22.36586685,34.077
25.82587849,22.56120564,34.077
31.3514274,22.56120564,34.077
26.07949386,22.65824353,34.077
24.33885782,22.94689521,34.077
43.53867246,23.23196074,34.077
19.19874996,23.51357055,34.077
23.69945147,23.51357055,34.077
29.25166662,23.51357055,34.077
23.32620844,23.88388578,34.077
29.02578164,24.06690674,34.077
25.82587849,24.33885782,34.077
24.78547962,24.42883542,34.077
26.49679226,25.13706427,34.077
28.49175319,25.13706427,34.077
24.87384168,25.48379877,34.077
27.47245894,25.48379877,34.077
28.56865415,25.65540879,34.077
23.69945147,25.82587849,34.077
29.32657498,26.07949386,34.077
27.15113257,26.16348601,34.077
28.49175319,26.49679226,34.077
28.72183838,26.49679226,34.077
32.98824033,26.49679226,34.077
28.49175319,27.31226831,34.077
28.87420995,27.47245894,34.077
27.31226831,27.71100864,34.077
28.87420995,27.79007017,34.077
26.82595758,28.10409223,34.077
29.02578164,28.10409223,34.077
31.42133033,28.10409223,34.077
28.49175319,28.49175319,34.077
28.49175319,28.49175319,34.077
29.9190909,28.49175319,34.077
27.6317209,28.56865415,34.077
36.64325313,28.72183838,34.077
22.56120564,28.87420995,34.077
25.82587849,28.87420995,34.077
26.82595758,28.87420995,34.077
27.31226831,28.87420995,34.077
31.63011224,29.02578164,34.077
37.35483904,29.32657498,34.077
22.16880691,29.9190909,34.077
29.02578164,29.9190909,34.077
22.56120564,29.99233235,34.077
25.13706427,30.35588905,34.077
34.03574592,30.35588905,34.077
25.65540879,30.78649054,34.077
28.87420995,30.78649054,34.077
33.25321037,30.78649054,34.077
34.42034282,30.78649054,34.077
31.63011224,31.070243,34.077
28.10409223,31.21115185,34.077
29.25166662,31.21115185,34.077
27.79007017,31.42133033,34.077
28.10409223,31.42133033,34.077
33.71189701,31.63011224,34.077
28.49175319,32.11199153,34.077
28.56865415,32.7881076,34.077
35.54917721,33.64675319,34.077
24.06690674,33.71189701,34.077
29.02578164,33.84180846,34.077
33.64675319,34.42034282,34.077
26.49679226,34.80068965,34.077
31.070243,35.48740622,34.077
39.74518839,35.48740622,34.077
31.42133033,35.54917721,34.077
26.6618829,35.9175723,34.077
30.35588905,36.10036011,34.077
38.22569816,36.64325313,34.077
26.16348601,37.58904096,34.077
35.9175723,38.22569816,34.077
28.72183838,38.39749992,34.077
38.39749992,38.39749992,34.077
31.42133033,40.18437507,34.077
39.18928425,41.04865406,34.077
39.74518839,42.92970999,34.077
38.62538026,47.76777156,34.077
35.05196143,51.05361887,34.077
39.74518839,60.7117781,34.077
21.36239687,0,35.03
34.42034282,6.284266067,35.03
22.94689521,14.51289082,35.03
22.16880691,15.10549569,35.03
22.94689521,15.39324527,35.03
24.78547962,15.9531815,35.03
29.02578164,16.22590521,35.03
25.13706427,18.01976692,35.03
28.49175319,18.26165381,35.03
29.02578164,18.26165381,35.03
25.48379877,18.73606149,35.03
26.82595758,19.19874996,35.03
28.72183838,19.19874996,35.03
25.22419473,19.53857723,35.03
24.33885782,19.87259419,35.03
23.32620844,20.52432703,35.03
27.15113257,20.52432703,35.03
31.21115185,21.464855,35.03
26.07949386,21.76933623,35.03
26.07949386,21.76933623,35.03
32.7881076,21.96997952,35.03
25.99523033,22.56120564,35.03
25.13706427,22.94689521,35.03
28.10409223,23.23196074,35.03
28.87420995,23.23196074,35.03
19.19874996,23.51357055,35.03
29.32657498,23.69945147,35.03
23.88388578,23.88388578,35.03
29.25166662,24.06690674,35.03
28.10409223,24.78547962,35.03
29.62431434,24.78547962,35.03
18.14111353,24.87384168,35.03
29.62431434,25.48379877,35.03
26.49679226,26.07949386,35.03
37.76373922,26.16348601,35.03
19.87259419,26.49679226,35.03
26.07949386,26.82595758,35.03
27.15113257,27.15113257,35.03
27.31226831,27.71100864,35.03
24.33885782,28.10409223,35.03
28.72183838,28.87420995,35.03
36.03953385,29.02578164,35.03
28.87420995,29.25166662,35.03
30.35588905,29.62431434,35.03
30.35588905,29.9190909,35.03
27.71100864,29.99233235,35.03
27.31226831,30.35588905,35.03
29.99233235,30.35588905,35.03
27.47245894,30.78649054,35.03
28.10409223,30.78649054,35.03
28.10409223,31.070243,35.03
29.4758206,31.3514274,35.03
29.02578164,32.31631167,35.03
25.13706427,33.71189701,35.03
28.10409223,33.71189701,35.03
26.07949386,34.42034282,35.03
27.31226831,34.42034282,35.03
26.16348601,34.6110387,35.03
29.62431434,35.05196143,35.03
38.7954121,35.9175723,35.03
32.45181043,36.76280729,35.03
30.21099138,37.35483904,35.03
32.7881076,39.74518839,35.03
32.7881076,45.31648707,35.03
57.1373083,50.01159865,35.03
22.94689521,0,35.983
25.48379877,0,35.983
26.16348601,0,35.983
25.65540879,10.68119843,35.983
27.31226831,15.39324527,35.983
22.36586685,16.22590521,35.983
22.94689521,16.22590521,35.983
22.94689521,16.75804285,35.983
22.94689521,17.7745886,35.983
25.48379877,17.7745886,35.983
30.78649054,17.7745886,35.983
26.49679226,18.14111353,35.983
25.13706427,18.50037837,35.983
26.90761974,18.50037837,35.983
26.49679226,18.73606149,35.983
19.65054707,19.19874996,35.983
31.42133033,19.42596201,35.983
28.10409223,19.53857723,35.983
22.94689521,19.87259419,35.983
29.02578164,20.52432703,35.983
36.28222705,20.94755356,35.983
23.79184734,21.36239687,35.983
25.13706427,21.36239687,35.983
35.17692425,21.36239687,35.983
28.10409223,21.56682638,35.983
21.464855,21.76933623,35.983
22.16880691,22.06961712,35.983
26.49679226,22.06961712,35.983
29.02578164,22.36586685,35.983
26.49679226,22.56120564,35.983
21.76933623,22.94689521,35.983
26.6618829,22.94689521,35.983
27.47245894,23.23196074,35.983
30.35588905,23.23196074,35.983
30.71514285,23.51357055,35.983
20.09218754,23.69945147,35.983
27.31226831,23.79184734,35.983
24.06690674,23.88388578,35.983
26.90761974,24.06690674,35.983
29.9190909,24.06690674,35.983
24.78547962,24.33885782,35.983
25.65540879,24.42883542,35.983
28.87420995,24.42883542,35.983
24.78547962,24.60780364,35.983
29.02578164,24.78547962,35.983
18.73606149,25.65540879,35.983
28.49175319,26.07949386,35.983
21.76933623,26.16348601,35.983
28.10409223,26.49679226,35.983
28.87420995,26.49679226,35.983
29.02578164,26.49679226,35.983
30.35588905,26.49679226,35.983
32.45181043,26.49679226,35.983
37.58904096,26.49679226,35.983
21.76933623,26.90761974,35.983
25.65540879,27.31226831,35.983
28.10409223,27.31226831,35.983
29.32657498,27.47245894,35.983
24.06690674,27.6317209,35.983
29.4758206,27.6317209,35.983
30.85767328,27.6317209,35.983
25.48379877,27.71100864,35.983
29.62431434,27.71100864,35.983
34.6110387,27.71100864,35.983
26.16348601,27.79007017,35.983
20.52432703,28.10409223,35.983
21.76933623,28.49175319,35.983
38.73881774,28.87420995,35.983
22.94689521,29.25166662,35.983
29.9190909,29.4758206,35.983
31.63011224,29.4758206,35.983
22.65824353,29.69828278,35.983
26.49679226,30.35588905,35.983
37.58904096,30.35588905,35.983
19.87259419,30.50009836,35.983
28.10409223,30.78649054,35.983
26.49679226,30.85767328,35.983
31.21115185,30.85767328,35.983
26.82595758,31.070243,35.983
28.10409223,31.3514274,35.983
34.42034282,31.42133033,35.983
27.71100864,31.63011224,35.983
28.10409223,31.63011224,35.983
27.71100864,32.0435953,35.983
23.23196074,32.45181043,35.983
28.87420995,32.45181043,35.983
30.35588905,32.45181043,35.983
36.10036011,33.25321037,35.983
26.6618829,33.45056053,35.983
31.83752503,34.16442594,35.983
35.05196143,34.16442594,35.983
43.53867246,34.42034282,35.983
29.02578164,36.28222705,35.983
43.98986247,37.7055964,35.983
39.57923698,38.39749992,35.983
27.15113257,39.96538502,35.983
26.49679226,42.72479374,35.983
39.57923698,43.53867246,35.983
32.45181043,48.13381348,35.983
38.39749992,48.13381348,35.983
28.10409223,0,36.936
24.42883542,8.887294301,36.936
32.7881076,10.26216351,36.936
27.15113257,19.65054707,36.936
29.02578164,19.65054707,36.936
28.10409223,19.87259419,36.936
25.13706427,21.36239687,36.936
22.94689521,21.464855,36.936
25.65540879,21.464855,36.936
27.71100864,21.464855,36.936
24.78547962,21.76933623,36.936
26.90761974,21.76933623,36.936
27.31226831,21.76933623,36.936
28.10409223,22.94689521,36.936
19.87259419,23.23196074,36.936
35.54917721,25.13706427,36.936
30.35588905,25.48379877,36.936
32.45181043,25.65540879,36.936
25.48379877,27.15113257,36.936
29.9190909,28.10409223,36.936
29.99233235,28.10409223,36.936
37.47212297,28.10409223,36.936
34.03574592,28.41464411,36.936
28.10409223,28.56865415,36.936
10.26216351,29.02578164,36.936
35.97860475,29.62431434,36.936
34.80068965,29.99233235,36.936
28.56865415,30.35588905,36.936
30.35588905,32.45181043,36.936
31.3514274,33.51608569,36.936
50.01159865,33.51608569,36.936
34.42034282,33.77691519,36.936
26.49679226,36.10036011,36.936
27.79007017,37.58904096,36.936
30.35588905,38.7954121,36.936
44.92749715,41.89510711,36.936
23.42007686,13.89503508,37.889
24.42883542,13.89503508,37.889
23.42007686,16.22590521,37.889
23.69945147,16.49412016,37.889
22.94689521,17.01787296,37.889
21.76933623,17.7745886,37.889
29.32657498,18.01976692,37.889
24.78547962,18.50037837,37.889
35.05196143,18.50037837,37.889
24.33885782,18.8527982,37.889
24.87384168,19.42596201,37.889
25.82587849,19.65054707,37.889
26.49679226,19.65054707,37.889
26.07949386,19.87259419,37.889
24.78547962,20.09218754,37.889
28.87420995,20.52432703,37.889
26.07949386,21.15599206,37.889
26.90761974,21.15599206,37.889
26.49679226,21.464855,37.889
28.56865415,21.464855,37.889
28.10409223,21.76933623,37.889
29.02578164,21.76933623,37.889
37.17821943,21.96997952,37.889
21.464855,22.16880691,37.889
31.21115185,22.94689521,37.889
25.22419473,23.23196074,37.889
30.35588905,24.06690674,37.889
24.33885782,24.33885782,37.889
28.10409223,24.33885782,37.889
30.35588905,24.33885782,37.889
25.65540879,24.78547962,37.889
31.21115185,24.78547962,37.889
26.41386,25.13706427,37.889
28.10409223,25.13706427,37.889
20.20108908,25.48379877,37.889
27.71100864,26.49679226,37.889
31.070243,26.49679226,37.889
23.69945147,27.15113257,37.889
27.31226831,27.31226831,37.889
29.02578164,27.31226831,37.889
26.49679226,27.71100864,37.889
30.35588905,28.10409223,37.889
30.78649054,28.10409223,37.889
26.49679226,28.56865415,37.889
29.02578164,28.87420995,37.889
43.13365276,29.02578164,37.889
28.79812494,29.25166662,37.889
24.78547962,29.62431434,37.889
36.28222705,30.35588905,37.889
27.71100864,30.78649054,37.889
29.02578164,31.3514274,37.889
30.21099138,31.3514274,37.889
31.83752503,31.63011224,37.889
37.7055964,32.11199153,37.889
31.63011224,32.45181043,37.889
30.78649054,32.7881076,37.889
34.42034282,32.7881076,37.889
30.35588905,33.71189701,37.889
30.35588905,34.6110387,37.889
29.62431434,35.05196143,37.889
30.78649054,36.34264712,37.889
35.17692425,36.64325313,37.889
34.42034282,36.76280729,37.889
36.64325313,36.76280729,37.889
31.070243,37.35483904,37.889
34.16442594,38.73881774,37.889
31.63011224,39.74518839,37.889
38.39749992,40.61881338,37.889
33.25321037,42.31198412,37.889
42.20815087,43.13365276,37.889
32.85495396,44.43647151,37.889
32.7881076,45.55791918,37.889
34.80068965,48.4970927,37.889
41.47404007,0,38.842
21.15599206,14.20732206,38.842
17.40034482,16.75804285,38.842
25.65540879,17.40034482,38.842
25.13706427,17.52598071,38.842
29.02578164,17.7745886,38.842
23.32620844,18.01976692,38.842
20.84255263,18.73606149,38.842
28.10409223,19.19874996,38.842
29.02578164,19.65054707,38.842
25.22419473,20.20108908,38.842
18.26165381,20.52432703,38.842
25.48379877,20.94755356,38.842
21.76933623,21.15599206,38.842
23.42007686,21.76933623,38.842
28.10409223,21.76933623,38.842
16.22590521,22.06961712,38.842
29.9190909,22.06961712,38.842
28.10409223,22.16880691,38.842
34.42034282,22.65824353,38.842
23.51357055,22.94689521,38.842
28.56865415,22.94689521,38.842
25.65540879,23.23196074,38.842
29.62431434,23.69945147,38.842
22.56120564,24.06690674,38.842
22.94689521,24.06690674,38.842
27.15113257,24.06690674,38.842
27.6317209,24.06690674,38.842
21.464855,24.42883542,38.842
31.7685379,24.42883542,38.842
23.88388578,24.78547962,38.842
24.06690674,24.78547962,38.842
40.29342378,25.13706427,38.842
26.82595758,25.48379877,38.842
26.49679226,25.65540879,38.842
29.62431434,25.82587849,38.842
33.71189701,25.82587849,38.842
38.39749992,25.91069277,38.842
26.49679226,26.07949386,38.842
27.15113257,26.07949386,38.842
36.76280729,26.41386,38.842
24.33885782,26.6618829,38.842
29.02578164,27.6317209,38.842
29.02578164,27.71100864,38.842
27.15113257,27.79007017,38.842
27.31226831,28.10409223,38.842
29.9190909,28.87420995,38.842
26.49679226,29.02578164,38.842
27.71100864,29.02578164,38.842
29.02578164,29.62431434,38.842
31.7685379,29.62431434,38.842
24.33885782,30.21099138,38.842
35.17692425,30.35588905,38.842
37.47212297,30.78649054,38.842
31.42133033,31.21115185,38.842
34.16442594,31.21115185,38.842
34.03574592,31.63011224,38.842
35.17692425,32.11199153,38.842
27.47245894,32.45181043,38.842
39.30109413,32.85495396,38.842
31.070243,32.98824033,38.842
24.06690674,33.64675319,38.842
34.42034282,34.42034282,38.842
37.99542078,34.6110387,38.842
34.80068965,34.73758771,38.842
30.35588905,34.80068965,38.842
30.78649054,34.98931265,38.842
24.42883542,35.05196143,38.842
37.47212297,37.58904096,38.842
38.05312077,38.39749992,38.842
34.42034282,39.24522901,38.842
35.48740622,40.18437507,38.842
37.58904096,40.18437507,38.842
29.25166662,40.34783761,38.842
39.96538502,44.33761383,38.842
22.94689521,0,39.795
32.0435953,0,39.795
22.06961712,14.81215717,39.795
18.50037837,17.7745886,39.795
25.48379877,18.50037837,39.795
31.3514274,18.50037837,39.795
35.05196143,18.73606149,39.795
27.79007017,18.8527982,39.795
26.90761974,18.96881652,39.795
33.12099032,20.09218754,39.795
27.15113257,20.20108908,39.795
21.76933623,20.52432703,39.795
23.32620844,20.52432703,39.795
30.35588905,20.52432703,39.795
18.14111353,20.73702004,39.795
24.78547962,21.15599206,39.795
24.78547962,21.15599206,39.795
30.71514285,21.464855,39.795
26.49679226,21.76933623,39.795
26.49679226,22.06961712,39.795
27.71100864,22.06961712,39.795
35.17692425,22.06961712,39.795
29.02578164,22.65824353,39.795
29.32657498,23.42007686,39.795
22.94689521,23.51357055,39.795
29.9190909,23.51357055,39.795
27.6317209,24.78547962,39.795
30.71514285,24.78547962,39.795
24.78547962,25.13706427,39.795
28.72183838,25.13706427,39.795
22.94689521,25.39755894,39.795
25.65540879,25.65540879,39.795
27.71100864,26.49679226,39.795
34.16442594,26.82595758,39.795
29.02578164,27.31226831,39.795
24.78547962,28.10409223,39.795
30.35588905,28.49175319,39.795
30.35588905,28.49175319,39.795
31.070243,29.02578164,39.795
27.71100864,29.25166662,39.795
36.28222705,30.21099138,39.795
25.13706427,30.35588905,39.795
34.16442594,30.35588905,39.795
24.42883542,30.71514285,39.795
26.6618829,30.78649054,39.795
28.10409223,30.78649054,39.795
29.02578164,31.21115185,39.795
28.56865415,31.3514274,39.795
42.92970999,31.42133033,39.795
30.71514285,31.63011224,39.795
28.49175319,32.85495396,39.795
42.31198412,32.98824033,39.795
24.06690674,33.12099032,39.795
31.63011224,33.25321037,39.795
31.7685379,34.03574592,39.795
29.02578164,34.16442594,39.795
33.45056053,34.54759036,39.795
37.58904096,35.05196143,39.795
27.47245894,36.34264712,39.795
31.7685379,38.39749992,39.795
39.18928425,38.39749992,39.795
39.18928425,39.18928425,39.795
44.7317337,39.30109413,39.795
37.47212297,40.23893637,39.795
40.61881338,40.61881338,39.795
35.9175723,41.04865406,39.795
32.11199153,47.30623638,39.795
22.94689521,11.66310422,40.748
28.41464411,18.26165381,40.748
30.78649054,18.96881652,40.748
23.88388578,19.19874996,40.748
29.9190909,19.87259419,40.748
32.85495396,20.52432703,40.748
27.6317209,20.94755356,40.748
25.13706427,21.15599206,40.748
28.87420995,21.36239687,40.748
27.79007017,21.464855,40.748
24.87384168,21.76933623,40.748
24.06690674,22.16880691,40.748
25.65540879,22.36586685,40.748
34.16442594,22.36586685,40.748
25.48379877,22.94689521,40.748
28.49175319,22.94689521,40.748
30.78649054,23.32620844,40.748
25.13706427,23.51357055,40.748
29.4758206,23.51357055,40.748
31.83752503,23.69945147,40.748
27.47245894,23.79184734,40.748
26.49679226,25.39755894,40.748
21.76933623,25.48379877,40.748
28.10409223,26.07949386,40.748
28.56865415,26.6618829,40.748
34.03574592,27.31226831,40.748
34.80068965,27.31226831,40.748
31.42133033,27.71100864,40.748
28.49175319,28.10409223,40.748
22.65824353,28.41464411,40.748
27.31226831,28.49175319,40.748
28.87420995,28.87420995,40.748
29.99233235,29.25166662,40.748
31.21115185,29.99233235,40.748
28.25979476,30.35588905,40.748
33.25321037,30.35588905,40.748
33.51608569,30.71514285,40.748
30.35588905,31.42133033,40.748
37.00075675,31.7685379,40.748
27.31226831,32.85495396,40.748
28.10409223,34.42034282,40.748
32.45181043,35.17692425,40.748
33.25321037,35.48740622,40.748
32.45181043,35.54917721,40.748
47.76777156,37.58904096,40.748
42.15613834,38.39749992,40.748
29.99233235,38.85192402,40.748
41.36810365,42.31198412,40.748
29.62431434,0,41.701
30.35588905,10.88466812,41.701
30.35588905,13.24839613,41.701
18.14111353,15.10549569,41.701
20.84255263,16.75804285,41.701
22.94689521,17.27379518,41.701
23.42007686,18.14111353,41.701
25.13706427,18.14111353,41.701
29.25166662,18.96881652,41.701
25.48379877,19.19874996,41.701
32.45181043,19.65054707,41.701
21.76933623,19.87259419,41.701
24.60780364,19.87259419,41.701
28.10409223,19.87259419,41.701
18.14111353,20.30940669,41.701
34.42034282,21.76933623,41.701
32.85495396,22.16880691,41.701
37.93763303,22.36586685,41.701
31.070243,23.79184734,41.701
34.03574592,24.33885782,41.701
36.28222705,24.33885782,41.701
40.83429931,24.87384168,41.701
27.71100864,25.13706427,41.701
30.78649054,25.65540879,41.701
26.16348601,25.82587849,41.701
32.7881076,25.91069277,41.701
27.71100864,27.31226831,41.701
23.79184734,28.10409223,41.701
28.10409223,28.10409223,41.701
29.25166662,28.10409223,41.701
28.10409223,29.4758206,41.701
31.3514274,29.9190909,41.701
31.3514274,29.99233235,41.701
33.25321037,29.99233235,41.701
23.69945147,30.35588905,41.701
29.25166662,31.63011224,41.701
29.62431434,31.63011224,41.701
37.00075675,32.45181043,41.701
30.35588905,32.85495396,41.701
41.2086884,32.85495396,41.701
29.62431434,33.45056053,41.701
33.77691519,34.42034282,41.701
25.65540879,36.03953385,41.701
38.39749992,36.34264712,41.701
34.16442594,37.47212297,41.701
36.58332954,37.7055964,41.701
40.40217816,44.33761383,41.701
28.10409223,0,42.654
31.070243,0,42.654
29.9190909,17.01787296,42.654
30.78649054,18.01976692,42.654
29.62431434,18.26165381,42.654
24.78547962,19.19874996,42.654
28.56865415,20.52432703,42.654
31.906363,21.464855,42.654
30.35588905,22.94689521,42.654
27.71100864,23.32620844,42.654
22.36586685,25.65540879,42.654
24.33885782,25.65540879,42.654
37.58904096,25.91069277,42.654
44.43647151,26.16348601,42.654
32.45181043,26.6618829,42.654
24.78547962,27.31226831,42.654
31.63011224,28.10409223,42.654
37.41352697,28.10409223,42.654
35.54917721,28.87420995,42.654
32.0435953,30.35588905,42.654
32.7881076,30.35588905,42.654
24.33885782,30.78649054,42.654
27.71100864,31.21115185,42.654
30.35588905,31.21115185,42.654
32.45181043,31.7685379,42.654
34.42034282,33.45056053,42.654
28.87420995,35.05196143,42.654
32.11199153,35.9175723,42.654
30.50009836,36.28222705,42.654
37.58904096,37.47212297,42.654
33.12099032,41.04865406,42.654
33.45056053,44.7317337,42.654
30.21099138,45.55791918,42.654
27.15113257,0,43.607
88.87294301,13.89503508,43.607
19.65054707,15.81505612,43.607
20.94755356,16.75804285,43.607
23.32620844,18.73606149,43.607
26.16348601,19.19874996,43.607
27.71100864,19.19874996,43.607
25.48379877,20.09218754,43.607
32.45181043,20.94755356,43.607
32.7881076,21.15599206,43.607
26.49679226,21.36239687,43.607
38.3403182,21.36239687,43.607
25.13706427,21.464855,43.607
25.65540879,23.32620844,43.607
26.16348601,23.42007686,43.607
37.17821943,23.42007686,43.607
27.71100864,23.51357055,43.607
28.56865415,24.06690674,43.607
20.52432703,24.87384168,43.607
25.48379877,24.87384168,43.607
30.78649054,26.16348601,43.607
38.22569816,26.49679226,43.607
28.87420995,27.71100864,43.607
36.34264712,27.71100864,43.607
25.65540879,29.02578164,43.607
29.25166662,29.25166662,43.607
32.45181043,29.32657498,43.607
36.28222705,29.62431434,43.607
38.73881774,30.78649054,43.607
35.9175723,30.85767328,43.607
28.49175319,31.070243,43.607
37.7055964,31.070243,43.607
27.86890741,31.3514274,43.607
29.25166662,31.7685379,43.607
31.070243,32.45181043,43.607
31.7685379,32.45181043,43.607
35.54917721,32.7881076,43.607
35.05196143,32.85495396,43.607
32.45181043,33.64675319,43.607
35.17692425,34.80068965,43.607
32.45181043,35.9175723,43.607
41.04865406,36.52330763,43.607
36.64325313,36.76280729,43.607
28.10409223,37.58904096,43.607
40.72669886,37.7055964,43.607
36.76280729,38.05312077,43.607
39.30109413,41.89510711,43.607
42.57045924,44.68265883,43.607
45.75014754,49.12636767,43.607
49.12636767,59.39656556,43.607
30.78649054,10.26216351,44.56
23.32620844,16.75804285,44.56
19.65054707,20.84255263,44.56
21.464855,21.15599206,44.56
26.16348601,21.76933623,44.56
32.85495396,24.33885782,44.56
23.69945147,25.13706427,44.56
26.16348601,25.82587849,44.56
32.45181043,26.49679226,44.56
32.45181043,26.49679226,44.56
29.8456697,27.6317209,44.56
28.87420995,27.71100864,44.56
25.65540879,29.02578164,44.56
36.34264712,29.02578164,44.56
29.62431434,30.21099138,44.56
21.76933623,30.35588905,44.56
31.3514274,30.78649054,44.56
44.43647151,30.78649054,44.56
28.87420995,31.070243,44.56
28.49175319,31.3514274,44.56
28.87420995,31.63011224,44.56
30.78649054,31.63011224,44.56
38.39749992,32.45181043,44.56
34.54759036,32.98824033,44.56
39.57923698,33.64675319,44.56
23.69945147,34.6110387,44.56
38.39749992,35.05196143,44.56
29.25166662,35.9175723,44.56
32.85495396,36.03953385,44.56
31.63011224,38.85192402,44.56
41.47404007,43.98986247,44.56
39.74518839,44.48581796,44.56
32.98824033,61.35881355,44.56
32.31631167,14.51289082,45.513
26.49679226,16.49412016,45.513
26.90761974,17.01787296,45.513
29.8456697,17.27379518,45.513
21.464855,17.7745886,45.513
27.31226831,18.50037837,45.513
22.94689521,19.87259419,45.513
13.57556629,20.52432703,45.513
24.06690674,20.94755356,45.513
36.10036011,20.94755356,45.513
24.42883542,21.15599206,45.513
23.32620844,21.36239687,45.513
37.00075675,21.56682638,45.513
23.69945147,21.76933623,45.513
29.62431434,22.65824353,45.513
25.65540879,23.23196074,45.513
33.51608569,23.23196074,45.513
30.78649054,23.32620844,45.513
30.85767328,23.51357055,45.513
36.10036011,24.42883542,45.513
27.47245894,24.60780364,45.513
34.16442594,24.78547962,45.513
25.48379877,25.48379877,45.513
31.42133033,25.48379877,45.513
29.99233235,26.49679226,45.513
23.79184734,27.39248072,45.513
31.42133033,27.79007017,45.513
28.10409223,28.25979476,45.513
29.8456697,28.49175319,45.513
41.84270546,29.02578164,45.513
30.71514285,29.62431434,45.513
26.49679226,29.99233235,45.513
27.15113257,31.070243,45.513
29.62431434,32.0435953,45.513
28.49175319,32.11199153,45.513
34.42034282,32.45181043,45.513
30.78649054,32.7881076,45.513
36.28222705,32.7881076,45.513
33.12099032,33.12099032,45.513
28.10409223,33.71189701,45.513
29.9190909,34.03574592,45.513
48.67771564,37.7055964,45.513
29.99233235,37.93763303,45.513
25.82587849,37.99542078,45.513
35.67239829,39.18928425,45.513
42.20815087,39.74518839,45.513
38.05312077,41.10206807,45.513
15.81505612,10.68119843,46.466
30.35588905,17.27379518,46.466
26.57946576,22.16880691,46.466
33.64675319,23.79184734,46.466
27.71100864,24.33885782,46.466
29.25166662,24.33885782,46.466
34.03574592,25.65540879,46.466
34.6110387,26.49679226,46.466
35.05196143,26.49679226,46.466
38.85192402,27.31226831,46.466
38.39749992,28.49175319,46.466
33.12099032,29.62431434,46.466
34.10014663,29.62431434,46.466
38.39749992,30.21099138,46.466
31.63011224,32.45181043,46.466
28.87420995,32.7881076,46.466
35.05196143,32.7881076,46.466
34.73758771,34.42034282,46.466
39.57923698,35.05196143,46.466
40.72669886,36.28222705,46.466
45.75014754,37.00075675,46.466
37.17821943,37.58904096,46.466
41.04865406,38.39749992,46.466
33.25321037,40.34783761,46.466
25.48379877,0,47.419
41.04865406,15.39324527,47.419
28.49175319,19.65054707,47.419
23.51357055,19.87259419,47.419
29.9190909,22.36586685,47.419
19.65054707,22.56120564,47.419
26.90761974,23.23196074,47.419
24.06690674,25.13706427,47.419
29.02578164,25.48379877,47.419
36.03953385,27.71100864,47.419
29.02578164,28.49175319,47.419
39.24522901,30.35588905,47.419
33.84180846,31.42133033,47.419
25.65540879,33.25321037,47.419
32.7881076,34.42034282,47.419
40.34783761,36.76280729,47.419
32.7881076,37.17821943,47.419
32.7881076,37.47212297,47.419
32.45181043,39.30109413,47.419
37.00075675,39.30109413,47.419
38.85192402,41.2086884,47.419
33.12099032,0,48.372
38.05312077,12.21441771,48.372
32.7881076,13.57556629,48.372
25.65540879,19.19874996,48.372
28.72183838,19.65054707,48.372
29.4758206,20.09218754,48.372
32.7881076,22.36586685,48.372
25.82587849,22.65824353,48.372
26.07949386,22.94689521,48.372
30.85767328,24.33885782,48.372
33.51608569,24.78547962,48.372
41.04865406,25.65540879,48.372
30.35588905,27.71100864,48.372
33.64675319,29.25166662,48.372
34.16442594,29.4758206,48.372
30.71514285,29.62431434,48.372
32.45181043,29.99233235,48.372
42.15613834,29.99233235,48.372
32.7881076,30.71514285,48.372
28.49175319,32.45181043,48.372
36.52330763,32.45181043,48.372
33.51608569,32.7881076,48.372
35.48740622,33.25321037,48.372
36.76280729,33.45056053,48.372
28.56865415,34.6110387,48.372
28.10409223,35.9175723,48.372
38.73881774,36.34264712,48.372
34.73758771,37.17821943,48.372
52.45260718,38.05312077,48.372
37.17821943,39.74518839,48.372
45.31648707,39.74518839,48.372
38.39749992,41.04865406,48.372
38.05312077,42.20815087,48.372
33.64675319,42.41556318,48.372
38.7954121,47.30623638,48.372
44.43647151,54.30226515,48.372
32.31631167,0,49.325
35.54917721,17.7745886,49.325
33.77691519,19.87259419,49.325
34.16442594,20.94755356,49.325
30.85767328,22.36586685,49.325
30.35588905,24.33885782,49.325
32.0435953,24.87384168,49.325
43.38723315,25.13706427,49.325
34.6110387,26.16348601,49.325
26.49679226,26.49679226,49.325
30.35588905,26.49679226,49.325
19.87259419,28.72183838,49.325
36.03953385,29.99233235,49.325
31.42133033,30.21099138,49.325
37.99542078,30.71514285,49.325
33.25321037,30.78649054,49.325
36.03953385,33.64675319,49.325
35.67239829,35.05196143,49.325
32.98824033,37.17821943,49.325
35.54917721,37.17821943,49.325
36.52330763,37.35483904,49.325
35.54917721,38.39749992,49.325
36.52330763,39.74518839,49.325
39.74518839,43.53867246,49.325
37.99542078,47.0271411,49.325
51.99046066,49.12636767,49.325
52.45260718,51.99046066,49.325
34.03574592,9.130826907,50.278
29.8456697,17.27379518,50.278
37.47212297,20.52432703,50.278
29.32657498,21.15599206,50.278
35.05196143,21.36239687,50.278
32.31631167,23.23196074,50.278
43.53867246,23.51357055,50.278
21.76933623,23.88388578,50.278
30.85767328,25.13706427,50.278
37.93763303,25.13706427,50.278
29.02578164,25.91069277,50.278
28.56865415,26.90761974,50.278
36.64325313,27.39248072,50.278
31.63011224,27.47245894,50.278
31.3514274,28.49175319,50.278
30.35588905,29.02578164,50.278
33.64675319,36.28222705,50.278
41.2086884,37.7055964,50.278
32.11199153,38.39749992,50.278
33.45056053,39.57923698,50.278
39.74518839,54.22139799,50.278
35.05196143,11.84972574,51.231
26.90761974,16.75804285,51.231
29.02578164,19.42596201,51.231
24.78547962,20.84255263,51.231
28.79812494,20.84255263,51.231
28.79812494,21.15599206,51.231
29.32657498,22.94689521,51.231
31.63011224,24.33885782,51.231
31.63011224,24.33885782,51.231
41.68510525,33.77691519,51.231
33.77691519,34.73758771,51.231
25.65540879,38.05312077,51.231
39.74518839,44.43647151,51.231
41.84270546,47.0271411,51.231
56.20818446,53.73363937,51.231
25.99523033,17.01787296,52.184
25.99523033,17.52598071,52.184
29.9190909,18.01976692,52.184
26.6618829,18.14111353,52.184
27.6317209,19.65054707,52.184
25.99523033,19.87259419,52.184
19.87259419,20.09218754,52.184
30.85767328,20.52432703,52.184
31.3514274,22.36586685,52.184
30.35588905,24.78547962,52.184
25.22419473,25.82587849,52.184
29.25166662,27.31226831,52.184
29.32657498,31.42133033,52.184
43.93995904,32.0435953,52.184
29.25166662,33.25321037,52.184
45.89379043,35.9175723,52.184
46.84015371,36.64325313,52.184
22.94689521,18.73606149,53.137
28.87420995,18.73606149,53.137
31.83752503,22.36586685,53.137
30.35588905,23.32620844,53.137
28.56865415,25.65540879,53.137
33.77691519,25.65540879,53.137
34.54759036,26.90761974,53.137
25.48379877,27.15113257,53.137
37.7055964,27.71100864,53.137
31.42133033,28.87420995,53.137
39.18928425,29.02578164,53.137
31.3514274,29.62431434,53.137
30.71514285,30.35588905,53.137
36.34264712,32.11199153,53.137
38.39749992,34.73758771,53.137
36.34264712,34.80068965,53.137
40.61881338,35.54917721,53.137
36.03953385,36.52330763,53.137
35.9175723,37.00075675,53.137
28.87420995,37.58904096,53.137
35.54917721,39.24522901,53.137
45.75014754,44.7317337,53.137
50.44838947,63.19082212,53.137
26.16348601,15.39324527,54.09
32.31631167,20.09218754,54.09
39.18928425,23.51357055,54.09
32.85495396,27.15113257,54.09
34.6110387,28.87420995,54.09
28.87420995,29.02578164,54.09
29.32657498,29.9190909,54.09
37.93763303,31.070243,54.09
34.54759036,31.21115185,54.09
36.03953385,31.63011224,54.09
35.05196143,32.85495396,54.09
33.51608569,33.25321037,54.09
39.41258682,34.73758771,54.09
39.18928425,37.35483904,54.09
37.35483904,39.57923698,54.09
54.46363925,50.66537279,54.09
5.131081757,5.924862868,55.043
37.58904096,8.379021423,55.043
17.01787296,16.22590521,55.043
25.39755894,17.7745886,55.043
29.62431434,18.01976692,55.043
32.7881076,18.14111353,55.043
32.7881076,24.33885782,55.043
34.6110387,26.16348601,55.043
39.74518839,27.47245894,55.043
30.78649054,27.71100864,55.043
34.42034282,29.32657498,55.043
51.05361887,32.45181043,55.043
41.89510711,33.25321037,55.043
32.85495396,34.03574592,55.043
36.52330763,34.42034282,55.043
37.17821943,34.54759036,55.043
41.2086884,37.93763303,55.043
44.87863634,42.31198412,55.043
40.72669886,45.31648707,55.043
48.13381348,49.61519928,55.043
32.11199153,51.99046066,55.043
24.06690674,18.14111353,55.996
33.51608569,27.47245894,55.996
36.64325313,28.10409223,55.996
41.68510525,28.10409223,55.996
43.08275757,32.45181043,55.996
41.2086884,37.47212297,55.996
41.04865406,42.20815087,55.996
43.93995904,46.08461782,55.996
30.35588905,21.76933623,56.949
31.63011224,22.94689521,56.949
34.16442594,22.94689521,56.949
29.4758206,32.7881076,56.949
39.74518839,38.73881774,56.949
34.73758771,41.47404007,56.949
42.72479374,43.53867246,56.949
49.21560728,45.50973522,56.949
59.39656556,57.1373083,56.949
28.87420995,17.27379518,57.902
27.15113257,17.7745886,57.902
27.15113257,18.01976692,57.902
31.3514274,19.53857723,57.902
30.35588905,19.65054707,57.902
35.05196143,19.87259419,57.902
31.63011224,23.32620844,57.902
31.63011224,27.39248072,57.902
28.79812494,28.10409223,57.902
36.03953385,29.02578164,57.902
35.48740622,33.12099032,57.902
36.28222705,33.77691519,57.902
35.05196143,34.03574592,57.902
28.10409223,35.67239829,57.902
32.45181043,35.9175723,57.902
47.12035654,37.99542078,57.902
37.00075675,39.57923698,57.902
43.93995904,39.96538502,57.902
37.00075675,40.61881338,57.902
37.47212297,57.02199576,57.902
27.31226831,0,58.855
29.02578164,16.22590521,58.855
29.25166662,17.7745886,58.855
26.57946576,19.65054707,58.855
30.35588905,19.87259419,58.855
40.23893637,21.15599206,58.855
30.78649054,22.65824353,58.855
26.49679226,27.31226831,58.855
41.04865406,32.7881076,58.855
47.76777156,39.74518839,58.855
46.27465829,57.02199576,58.855
17.01787296,18.26165381,59.808
26.49679226,18.96881652,59.808
30.35588905,18.96881652,59.808
51.05361887,22.75486761,59.808
32.0435953,24.78547962,59.808
29.25166662,27.47245894,59.808
33.71189701,29.62431434,59.808
42.72479374,32.45181043,59.808
35.05196143,36.34264712,59.808
41.04865406,37.35483904,59.808
50.66537279,47.76777156,59.808
65.44224935,48.13381348,59.808
47.0271411,49.61519928,59.808
47.0271411,58.9516412,59.808
37.58904096,0,60.761
34.42034282,21.464855,60.761
37.00075675,22.56120564,60.761
33.25321037,22.94689521,60.761
34.80068965,28.10409223,60.761
36.52330763,31.63011224,60.761
43.93995904,32.11199153,60.761
41.10206807,44.43647151,60.761
25.65540879,17.40034482,61.714
31.3514274,20.52432703,61.714
28.79812494,21.76933623,61.714
41.36810365,27.15113257,61.714
45.02505969,41.84270546,61.714
35.05196143,0,62.667
25.13706427,14.51289082,62.667
25.13706427,17.27379518,62.667
32.45181043,18.73606149,62.667
32.31631167,20.20108908,62.667
32.45181043,21.76933623,62.667
29.02578164,22.94689521,62.667
34.16442594,26.16348601,62.667
32.45181043,28.10409223,62.667
34.42034282,28.10409223,62.667
28.72183838,28.72183838,62.667
36.64325313,29.02578164,62.667
45.55791918,30.35588905,62.667
37.00075675,31.42133033,62.667
35.48740622,33.64675319,62.667
31.21115185,35.48740622,62.667
34.98931265,35.9175723,62.667
39.96538502,37.99542078,62.667
41.68510525,38.85192402,62.667
45.31648707,39.41258682,62.667
33.71189701,43.53867246,62.667
42.31198412,44.87863634,62.667
39.74518839,47.8595445,62.667
28.49175319,6.947517542,63.62
25.39755894,19.87259419,63.62
27.15113257,20.52432703,63.62
34.16442594,20.84255263,63.62
26.6618829,22.65824353,63.62
27.15113257,22.94689521,63.62
32.98824033,29.62431434,63.62
30.78649054,31.070243,63.62
34.42034282,32.11199153,63.62
39.24522901,36.64325313,63.62
38.85192402,43.93995904,63.62
33.71189701,19.19874996,64.573
23.51357055,21.15599206,64.573
27.71100864,21.464855,64.573
25.82587849,23.69945147,64.573
12.39273981,24.06690674,64.573
31.83752503,24.42883542,64.573
35.05196143,26.49679226,64.573
30.35588905,27.79007017,64.573
40.23893637,32.45181043,64.573
37.58904096,36.03953385,64.573
49.61519928,36.64325313,64.573
23.69945147,16.75804285,65.526
37.17821943,26.16348601,65.526
11.84972574,28.87420995,65.526
35.17692425,29.32657498,65.526
31.3514274,36.64325313,65.526
39.30109413,39.18928425,65.526
26.07949386,15.6757137,66.479
23.69945147,19.87259419,66.479
28.10409223,20.52432703,66.479
31.21115185,23.51357055,66.479
38.39749992,24.60780364,66.479
39.18928425,25.48379877,66.479
38.39749992,26.16348601,66.479
29.02578164,26.49679226,66.479
37.47212297,30.71514285,66.479
44.87863634,32.45181043,66.479
28.87420995,19.19874996,67.432
25.82587849,21.15599206,67.432
47.76777156,22.16880691,67.432
31.3514274,22.36586685,67.432
36.34264712,25.13706427,67.432
34.03574592,27.71100864,67.432
45.41321394,28.87420995,67.432
27.6317209,29.62431434,67.432
43.13365276,30.21099138,67.432
37.58904096,30.71514285,67.432
29.62431434,32.45181043,67.432
36.76280729,33.25321037,67.432
44.7317337,45.75014754,67.432
39.24522901,54.46363925,67.432
34.42034282,23.42007686,68.385
30.71514285,26.16348601,68.385
33.25321037,26.16348601,68.385
42.72479374,28.10409223,68.385
36.64325313,29.9190909,68.385
32.85495396,32.11199153,68.385
54.46363925,40.72669886,68.385
46.08461782,41.2086884,68.385
32.45181043,42.15613834,68.385
30.85767328,22.36586685,69.338
32.31631167,24.06690674,69.338
32.31631167,28.56865415,69.338
32.7881076,29.9190909,69.338
37.00075675,39.30109413,69.338
49.12636767,40.40217816,69.338
39.57923698,41.04865406,69.338
57.02199576,52.15898772,69.338
27.15113257,17.01787296,70.291
27.71100864,18.50037837,70.291
36.64325313,22.56120564,70.291
29.32657498,22.94689521,70.291
23.88388578,24.78547962,70.291
33.51608569,25.13706427,70.291
40.18437507,29.99233235,70.291
51.99046066,32.45181043,70.291
36.34264712,46.27465829,70.291
33.25321037,18.01976692,71.244
34.16442594,24.42883542,71.244
37.17821943,31.7685379,71.244
33.25321037,31.83752503,71.244
37.58904096,32.0435953,71.244
35.9175723,37.58904096,71.244
42.41556318,39.74518839,71.244
49.48236049,51.52416909,71.244
44.33761383,9.825273533,72.197
28.10409223,21.15599206,72.197
38.05312077,23.32620844,72.197
31.63011224,26.16348601,72.197
39.30109413,29.02578164,72.197
37.17821943,40.72669886,72.197
35.9175723,41.89510711,72.197
47.30623638,42.72479374,72.197
37.47212297,43.93995904,72.197
38.39749992,45.89379043,72.197
46.6053645,49.12636767,72.197
40.18437507,21.36239687,73.15
39.30109413,21.96997952,73.15
35.05196143,28.49175319,73.15
35.9175723,30.35588905,73.15
35.05196143,37.17821943,73.15
38.73881774,44.87863634,73.15
29.02578164,22.94689521,74.103
28.10409223,25.13706427,74.103
36.58332954,29.02578164,74.103
40.29342378,30.71514285,74.103
32.98824033,31.21115185,74.103
38.73881774,32.45181043,74.103
37.93763303,33.71189701,74.103
31.906363,37.47212297,74.103
42.20815087,43.53867246,74.103
45.89379043,45.75014754,74.103
42.15613834,45.89379043,74.103
31.21115185,26.16348601,75.056
33.51608569,26.16348601,75.056
13.89503508,28.41464411,75.056
11.08440346,30.78649054,75.056
44.43647151,37.00075675,75.056
37.47212297,37.99542078,75.056
40.29342378,39.30109413,75.056
55.73781481,53.93740817,75.056
24.78547962,0,76.009
31.42133033,26.82595758,76.009
33.25321037,26.82595758,76.009
41.89510711,32.85495396,76.009
44.7317337,32.85495396,76.009
54.30226515,44.33761383,76.009
18.14111353,0,76.962
34.98931265,21.15599206,76.962
37.17821943,21.96997952,76.962
35.9175723,22.36586685,76.962
23.42007686,22.94689521,76.962
30.35588905,24.06690674,76.962
36.03953385,24.33885782,76.962
29.99233235,24.87384168,76.962
36.34264712,25.82587849,76.962
41.99971428,26.16348601,76.962
29.62431434,28.10409223,76.962
41.89510711,34.42034282,76.962
39.30109413,39.18928425,76.962
42.72479374,42.20815087,76.962
43.53867246,39.74518839,77.915
37.17821943,44.87863634,77.915
32.7881076,18.26165381,78.868
33.71189701,22.65824353,78.868
38.22569816,33.77691519,78.868
43.53867246,34.42034282,78.868
45.89379043,41.04865406,78.868
41.04865406,45.75014754,78.868
43.93995904,50.66537279,78.868
30.78649054,20.09218754,79.821
38.85192402,20.94755356,79.821
32.7881076,23.69945147,79.821
38.39749992,25.65540879,79.821
29.4758206,29.02578164,79.821
40.61881338,29.99233235,79.821
34.54759036,30.78649054,79.821
47.8595445,34.73758771,79.821
39.74518839,37.58904096,79.821
39.74518839,37.93763303,79.821
41.04865406,88.87294301,79.821
30.35588905,27.6317209,80.774
44.48581796,39.18928425,80.774
21.76933623,22.94689521,81.727
43.08275757,25.13706427,81.727
33.25321037,28.10409223,81.727
39.30109413,29.02578164,81.727
43.98986247,32.45181043,81.727
43.93995904,34.16442594,81.727
47.30623638,36.28222705,81.727
39.74518839,43.43777158,81.727
36.28222705,43.93995904,81.727
45.55791918,47.30623638,81.727
49.12636767,57.52001391,81.727
37.17821943,32.45181043,82.68
40.72669886,37.00075675,82.68
39.96538502,40.61881338,82.68
39.18928425,42.15613834,82.68
57.52001391,45.75014754,82.68
39.74518839,20.94755356,83.633
35.54917721,24.33885782,83.633
33.25321037,33.25321037,83.633
36.76280729,38.73881774,83.633
37.47212297,38.7954121,83.633
36.34264712,39.96538502,83.633
47.30623638,40.72669886,83.633
43.53867246,44.43647151,83.633
63.19082212,46.6053645,83.633
42.72479374,0,84.586
35.54917721,22.36586685,84.586
30.35588905,22.94689521,84.586
36.28222705,28.10409223,84.586
28.10409223,23.69945147,85.539
37.58904096,24.87384168,86.492
42.41556318,35.05196143,86.492
40.61881338,36.52330763,86.492
45.12241128,37.17821943,86.492
47.12035654,27.79007017,87.445
45.55791918,54.30226515,87.445
25.13706427,16.22590521,88.398
28.10409223,33.45056053,88.398
39.30109413,34.10014663,88.398
33.71189701,34.16442594,88.398
38.39749992,35.54917721,88.398
42.72479374,36.58332954,88.398
57.02199576,39.74518839,88.398
51.05361887,45.75014754,88.398
39.96538502,47.0271411,88.398
57.02199576,65.44224935,88.398
38.73881774,36.34264712,89.351
41.89510711,37.17821943,89.351
37.93763303,39.74518839,89.351
50.27412854,24.87384168,91.257
30.35588905,27.71100864,91.257
43.98986247,33.45056053,91.257
37.17821943,37.47212297,91.257
47.0271411,53.65191516,92.21
39.74518839,24.06690674,93.163
31.83752503,31.21115185,93.163
47.0271411,55.73781481,93.163
44.43647151,31.42133033,94.116
46.27465829,38.05312077,95.069
58.9516412,41.04865406,95.069
49.21560728,42.72479374,95.069
34.73758771,28.10409223,96.022
35.54917721,31.42133033,96.022
48.85767084,40.07502963,96.022
35.05196143,9.825273533,97.928
40.72669886,26.6618829,97.928
37.47212297,32.85495396,97.928
48.13381348,42.72479374,97.928
54.22139799,50.44838947,100.787
45.89379043,27.39248072,101.74
43.53867246,38.39749992,101.74
37.58904096,26.16348601,102.693
37.93763303,30.71514285,102.693
53.93740817,49.57095924,103.646
31.21115185,27.47245894,104.599
37.99542078,36.34264712,105.552
51.05361887,39.96538502,105.552
51.52416909,35.05196143,107.458
53.73363937,45.55791918,108.411
52.15898772,40.29342378,111.27
49.57095924,52.15898772,112.223
61.35881355,39.74518839,113.176
50.27412854,47.76777156,115.082
47.76777156,49.21560728,115.082
47.76777156,39.18928425,116.035
41.84270546,39.74518839,116.988
44.68265883,37.76373922,117.941
42.72479374,30.78649054,126.518
39.57923698,34.10014663,132.236
54.30226515,43.53867246,133.189
52.15898772,49.12636767,134.142
53.65191516,59.83818179,143.672
49.12636767,51.05361887,153.202
66.50642074,45.12241128,157.967
50.44838947,47.0271411,157.967
59.83818179,48.85767084,157.967
48.13381348,55.14421094,157.967
